250 0.1547997
251 0.1412274
252 0.1557537
253 0.1817302
254 0.1789731
255 0.1986698
256 0.199079
257 0.2103441
258 0.1841559
259 0.2145417
260 0.2309404
261 0.215175
262 0.2153837
263 0.2863319
264 0.2634414
265 0.2742899
266 0.2767023
267 0.2633335
268 0.2487976
269 0.2451922
270 0.2822045
271 0.2909073
272 0.2645701
273 0.275551
274 0.2532777
275 0.249501
276 0.2898128
277 0.3190442
278 0.2855429
279 0.3058153
280 0.3099706
281 0.2993036
282 0.286735
283 0.3327323
284 0.2932493
285 0.2853846
286 0.2997397
287 0.303054
288 0.2915889
289 0.2554198
290 0.278315
291 0.3221978
292 0.231926
293 0.2377895
294 0.2809425
295 0.2469504
296 0.2352041
297 0.1835046
298 0.2425082
299 0.2282285
300 0.2460141
301 0.2373504
302 0.2295308
303 0.2355705
304 0.1823998
305 0.2498256
306 0.2452543
307 0.24974
308 0.2847055
309 0.3083708
310 0.3296356
311 0.2893448
312 0.3014853
313 0.338817
314 0.3526201
315 0.3716601
316 0.3675572
317 0.3506365
318 0.4210848
319 0.3871921
320 0.3548792
321 0.3714613
322 0.367109
323 0.3675484
324 0.3812652
325 0.3656953
326 0.3591552
327 0.3585835
328 0.3637005
329 0.368759
330 0.3689922
331 0.3784931
332 0.3946721
333 0.3797253
334 0.391914
335 0.3922292
336 0.3682647
337 0.3549043
338 0.3450382
339 0.3114792
340 0.2706543
341 0.2461714
342 0.200148
343 0.1588343
344 0.1351754
345 0.1322474
346 0.1386193
347 0.1468443
348 0.1618388
349 0.1999025
350 0.2370411
351 0.3023608
352 0.3684878
353 0.421872
354 0.4442241
355 0.4601232
356 0.4834307
357 0.5300551
358 0.5809154
359 0.619575
360 0.6319106
361 0.6130858
362 0.57917
363 0.5502109
364 0.5423787
365 0.5802411
366 0.6376443
367 0.6892045
368 0.7208279
369 0.7318589
370 0.7357444
371 0.7437187
372 0.7631056
373 0.7862856
374 0.7957046
375 0.8147203
376 0.8300746
377 0.8570589
378 0.8770997
379 0.893433
380 0.909941
381 0.8987406
382 0.8724489
383 0.8494831
384 0.8293209
385 0.8278316
386 0.8508016
387 0.8826617
388 0.9153528
389 0.9336287
390 0.9405152
391 0.9379156
392 0.9342341
393 0.9376585
394 0.9447935
395 0.9596519
396 0.971079
397 0.9827239
398 0.9855355
399 0.9848217
400 0.9807592
401 0.9730125
402 0.9650135
403 0.9569149
404 0.9511659
405 0.9470551
406 0.9437913
407 0.9463854
408 0.94992
409 0.9572007
410 0.9650083
411 0.9744782
412 0.9810122
413 0.9842349
414 0.9857169
415 0.9831934
416 0.9766884
417 0.9716344
418 0.9690588
419 0.968841
420 0.969236
421 0.9702927
422 0.9715075
423 0.9726048
424 0.975537
425 0.9797172
426 0.9836513
427 0.9871495
428 0.9870846
429 0.9865218
430 0.9832741
431 0.9794235
432 0.9755896
433 0.9718508
434 0.971091
435 0.970951
436 0.9724529
437 0.9711619
438 0.9708316
439 0.9700031
440 0.9676422
441 0.9655806
442 0.9635849
443 0.9618747
444 0.9617214
445 0.9625452
446 0.9652452
447 0.9677358
448 0.972532
449 0.9752438
450 0.9767508
451 0.9771601
452 0.9767792
453 0.9758552
454 0.9735146
455 0.9709431
456 0.9689558
457 0.9669662
458 0.9655208
459 0.9651434
460 0.9660603
461 0.9671678
462 0.9694277
463 0.9713506
464 0.973392
465 0.9718219
466 0.9707527
467 0.969024
468 0.969602
469 0.9695921
470 0.9717537
471 0.9742021
472 0.9766489
473 0.9773171
474 0.9776896
475 0.9767445
476 0.9747236
477 0.973531
478 0.9725915
479 0.97213
480 0.9727577
481 0.9742135
482 0.9783442
483 0.9817808
484 0.9845974
485 0.9863525
486 0.9868897
487 0.985618
488 0.9841215
489 0.9824565
490 0.9809582
491 0.9792244
492 0.9779046
493 0.9761629
494 0.9753552
495 0.9746973
496 0.9750945
497 0.9760142
498 0.9774961
499 0.9793258
500 0.9796821
501 0.9790116
502 0.9775267
503 0.9756985
504 0.9752396
505 0.9752766
506 0.9761509
507 0.977965
508 0.9800033
509 0.9806249
510 0.9814551
511 0.9820783
512 0.9824995
513 0.9833147
514 0.9841832
515 0.9849316
516 0.9860777
517 0.9855866
518 0.9848286
519 0.982835
520 0.9817923
521 0.9820933
522 0.9833454
523 0.9853535
524 0.9883069
525 0.9900299
526 0.9917031
527 0.9923687
528 0.9919514
529 0.9922585
530 0.992481
531 0.9921589
532 0.9923063
533 0.9921955
534 0.9918362
535 0.9920701
536 0.9907547
537 0.9899556
538 0.9893136
539 0.9882151
540 0.9877751
541 0.9867349
542 0.9851765
543 0.9838358
544 0.9825295
545 0.9823775
546 0.9823086
547 0.9831321
548 0.9832555
549 0.9833939
550 0.9832709
551 0.9829403
552 0.9824734
553 0.982449
554 0.9826147
555 0.9843425
556 0.986315
557 0.9879059
558 0.9901335
559 0.990886
560 0.9915948
561 0.9909348
562 0.9908849
563 0.9904022
564 0.9896758
565 0.988985
566 0.988314
567 0.9878181
568 0.9875582
569 0.9869585
570 0.9852224
571 0.9835501
572 0.9807519
573 0.9783798
574 0.97639
575 0.9747988
576 0.9731618
577 0.972265
578 0.9709411
579 0.9703985
580 0.9699928
581 0.9697742
582 0.9695987
583 0.9693895
584 0.9699526
585 0.97143
586 0.973747
587 0.9758116
588 0.9778232
589 0.9789109
590 0.9789084
591 0.9787556
592 0.9786946
593 0.9792637
594 0.9807361
595 0.982687
596 0.985216
597 0.9872239
598 0.9888636
599 0.9899833
600 0.9904313
601 0.9908306
602 0.9909346
603 0.991291
604 0.9910824
605 0.9912703
606 0.9911852
607 0.9916005
608 0.9914115
609 0.9914375
610 0.9915006
611 0.9918832
612 0.9919669
613 0.9917705
614 0.9921657
615 0.9918797
616 0.991968
617 0.9919335
618 0.9917999
619 0.9916864
620 0.9916567
621 0.9914126
622 0.9916615
623 0.9912265
624 0.9913071
625 0.9911984
626 0.9909527
627 0.9908079
628 0.990493
629 0.9908392
630 0.9910801
631 0.9906447
632 0.9909285
633 0.990612
634 0.9909917
635 0.9902614
636 0.990188
637 0.9894771
638 0.9882334
639 0.9863748
640 0.9835566
641 0.9787708
642 0.9744333
643 0.9705856
644 0.9685216
645 0.9680233
646 0.9699927
647 0.9734561
648 0.97824
649 0.9831685
650 0.9869808
651 0.9893449
652 0.9906604
653 0.990897
654 0.9912501
655 0.9907712
656 0.9910743
657 0.991235
658 0.9914544
659 0.9914575
660 0.9917127
661 0.9916458
662 0.9917704
663 0.9920372
664 0.9922893
665 0.9914935
666 0.9917394
667 0.9906789
668 0.9903576
669 0.9903765
670 0.9899785
671 0.9902209
672 0.9902509
673 0.9899158
674 0.9897653
675 0.9897905
676 0.9897246
677 0.9900384
678 0.9903004
679 0.9905269
680 0.990048
681 0.990574
682 0.9902099
683 0.989675
684 0.9895168
685 0.9893168
686 0.9892231
687 0.9891314
688 0.9896374
689 0.9894148
690 0.9897489
691 0.9898846
692 0.9902021
693 0.9905055
694 0.9905683
695 0.9914509
696 0.9914276
697 0.9912018
698 0.9911694
699 0.9910472
700 0.9908223
701 0.9909317
702 0.9914189
703 0.9907324
704 0.9911748
705 0.9913818
706 0.9905513
707 0.9909694
708 0.9913642
709 0.9914396
710 0.9915172
711 0.9910157
712 0.9909235
713 0.9909255
714 0.9907677
715 0.9899478
716 0.9897214
717 0.9898763
718 0.9896534
719 0.9893486
720 0.9888735
721 0.9895728
722 0.9893954
723 0.9895933
724 0.9893139
725 0.9895913
726 0.9893563
727 0.9891228
728 0.9885569
729 0.9888726
730 0.988868
731 0.989092
732 0.9882369
733 0.9888828
734 0.9894466
735 0.9892255
736 0.9895849
737 0.989966
738 0.9897193
739 0.9894151
740 0.9896006
741 0.9890462
742 0.9892449
743 0.9894265
744 0.9894189
745 0.9888243
746 0.9892474
747 0.9891377
748 0.9895188
749 0.9899862
750 0.9893747
751 0.9901871
752 0.9904716
753 0.9910445
754 0.9907521
755 0.9910367
756 0.9909141
757 0.9914315
758 0.9906327
759 0.9906986
760 0.9909508
761 0.9905641
762 0.9909511
763 0.9914313
764 0.991005
765 0.9911881
766 0.9913355
767 0.9911828
768 0.9905644
769 0.9910306
770 0.990587
771 0.9903353
772 0.9903588
773 0.9896048
774 0.9892077
775 0.9887687
776 0.9879302
777 0.9871269
778 0.9868606
779 0.9856027
780 0.9849857
781 0.9839661
782 0.9829215
783 0.9813127
784 0.9795979
785 0.9764811
786 0.9731599
787 0.9664756
788 0.9569337
789 0.9423752
790 0.9233824
791 0.8987997
792 0.8685657
793 0.8350579
794 0.799646
795 0.7622372
796 0.7250156
797 0.6895698
798 0.6545711
799 0.6223391
800 0.589808
801 0.56304
802 0.5382785
803 0.5154029
804 0.489662
805 0.458328
806 0.4216471
807 0.3777684
808 0.3295447
809 0.2819594
810 0.2352207
811 0.1896058
812 0.1504529
813 0.1168798
814 0.0903382
815 0.0735767
816 0.0641707
817 0.0597311
818 0.0574496
819 0.0572515
820 0.0567424
821 0.0545479
822 0.0518405
823 0.0480424
824 0.0449595
825 0.0412615
826 0.0382014
827 0.0359012
828 0.0340638
829 0.0332449
830 0.0330988
831 0.0337
832 0.034434
833 0.0358241
834 0.0365653
835 0.0378411
836 0.0384558
837 0.0387885
838 0.0386884
839 0.0384201
840 0.0377256
841 0.037218
842 0.0362053
843 0.035523
844 0.0346832
845 0.033684
846 0.0326785
847 0.0313396
848 0.0297623
849 0.0281982
850 0.0264655
851 0.0244506
852 0.0229287
853 0.0220172
854 0.0211844
855 0.0209394
856 0.0210908
857 0.0218436
858 0.0224448
859 0.0234528
860 0.0242201
861 0.0247195
862 0.0250954
863 0.0250823
864 0.0247265
865 0.0241697
866 0.0236024
867 0.022577
868 0.0220388
869 0.0212311
870 0.020795
871 0.0202048
872 0.0200517
873 0.0198118
874 0.0192862
875 0.0190295
876 0.0186518
877 0.0181817
878 0.0175558
879 0.0170494
880 0.0164918
881 0.016138
882 0.0157922
883 0.0155368
884 0.0153448
885 0.015245
886 0.0152789
887 0.0152363
888 0.0151656
889 0.0151028
890 0.014987
891 0.0146796
892 0.0145264
893 0.0143549
894 0.0140496
895 0.013878
896 0.0138607
897 0.013797
898 0.013954
899 0.0140946
900 0.014261
901 0.0145452
902 0.0147267
903 0.0149114
904 0.0150637
905 0.0151687
906 0.0152479
907 0.0153149
908 0.0155097
909 0.0157019
910 0.0159416
911 0.0163911
912 0.0169272
913 0.0175986
914 0.0183243
915 0.0191069
916 0.0198775
917 0.0205169
918 0.0210232
919 0.0213648
920 0.0214833
921 0.0213571
922 0.0209334
923 0.0203614
924 0.0195578
925 0.0186494
926 0.0176868
927 0.0166855
928 0.0157545
929 0.0149366
930 0.0142412
931 0.0136929
932 0.0133012
933 0.0130164
934 0.0128663
935 0.0127924
936 0.0127476
937 0.0127568
938 0.0127634
939 0.0127834
940 0.0128059
941 0.0128868
942 0.0130147
943 0.0131817
944 0.013465
945 0.0138942
946 0.0144373
947 0.0151141
948 0.0158618
949 0.0167241
950 0.0176217
951 0.0185084
952 0.0193561
953 0.0201179
954 0.0207151
955 0.0211351
956 0.021352
957 0.0213248
958 0.0211223
959 0.0207161
960 0.0201318
961 0.0194964
962 0.0187532
963 0.0180363
964 0.0173124
965 0.0166878
966 0.0161225
967 0.0156974
968 0.0153787
969 0.015195
970 0.0150912
971 0.0150308
972 0.0150096
973 0.0150146
974 0.014952
975 0.0148792
976 0.0147331
977 0.0145331
978 0.0142808
979 0.0139949
980 0.0136874
981 0.0133917
982 0.0131336
983 0.0129347
984 0.0128078
985 0.0127729
986 0.0128418
987 0.0130093
988 0.0132537
989 0.0135551
990 0.013924
991 0.0143099
992 0.0146694
993 0.0150019
994 0.0152768
995 0.0154757
996 0.0156102
997 0.0156688
998 0.015664
999 0.0156173
1000 0.0155367
1001 0.0154501
1002 0.015386
1003 0.015348
1004 0.0153686
1005 0.0154517
1006 0.0156159
1007 0.0158352
1008 0.0160928
1009 0.0163893
1010 0.0166942
1011 0.0169719
1012 0.0172186
1013 0.017381
1014 0.0174709
1015 0.0174369
1016 0.0172909
1017 0.017041
1018 0.0166949
1019 0.0162442
1020 0.0157428
1021 0.0152074
1022 0.0146508
1023 0.0141061
1024 0.0136689
1025 0.013265
1026 0.0129462
1027 0.0127518
1028 0.0126451
1029 0.0126446
1030 0.0127316
1031 0.0128859
1032 0.0130611
1033 0.0132691
1034 0.0134721
1035 0.0136303
1036 0.0137392
1037 0.0137243
1038 0.0136714
1039 0.0134975
1040 0.0132809
1041 0.0129885
1042 0.0126428
1043 0.0122983
1044 0.0119551
1045 0.0116534
1046 0.0114301
1047 0.0112904
1048 0.0112763
1049 0.0113514
1050 0.012499
1051 0.0128042
1052 0.013148
1053 0.013574
1054 0.013961
1055 0.014405
1056 0.0148299
1057 0.0152212
1058 0.0155874
1059 0.0158712
1060 0.0159804
1061 0.0161348
1062 0.0161039
1063 0.0160206
1064 0.0158141
1065 0.0155668
1066 0.0152547
1067 0.014851
1068 0.0145307
1069 0.0142647
1070 0.0138734
1071 0.0137603
1072 0.0135974
1073 0.0135433
1074 0.0135569
1075 0.0136969
1076 0.0139578
1077 0.0143345
1078 0.0147457
1079 0.0153261
1080 0.0157791
1081 0.0162917
1082 0.0167437
1083 0.0173165
1084 0.0176873
1085 0.0179674
1086 0.0181873
1087 0.0182108
1088 0.0182364
1089 0.0181134
1090 0.0179366
1091 0.017611
1092 0.0172398
1093 0.0168267
1094 0.0163561
1095 0.0159495
1096 0.015531
1097 0.015073
1098 0.0147145
1099 0.0145596
1100 0.0143784
1101 0.0142645
1102 0.0142555
1103 0.0144181
1104 0.0146106
1105 0.0148483
1106 0.0151654
1107 0.0154717
1108 0.0158699
1109 0.016209
1110 0.0165204
1111 0.0168474
1112 0.0170799
1113 0.0173377
1114 0.017333
1115 0.0174261
1116 0.0173947
1117 0.0172817
1118 0.0171679
1119 0.0169582
1120 0.0167548
1121 0.0164775
1122 0.0161596
1123 0.0158826
1124 0.0156844
1125 0.0154489
1126 0.0152884
1127 0.0151096
1128 0.0150485
1129 0.0150147
1130 0.0150261
1131 0.0150511
1132 0.0151292
1133 0.0152243
1134 0.0153821
1135 0.0155058
1136 0.0156454
1137 0.0157848
1138 0.0158985
1139 0.0160047
1140 0.0160525
1141 0.0161589
1142 0.0162029
1143 0.016231
1144 0.0162091
1145 0.0161212
1146 0.0161484
1147 0.0161357
1148 0.016183
1149 0.0161809
1150 0.0161682
1151 0.0162116
1152 0.0163076
1153 0.0164383
1154 0.0164626
1155 0.0167102
1156 0.016875
1157 0.0170185
1158 0.0172836
1159 0.0174698
1160 0.0177055
1161 0.0178774
1162 0.0180755
1163 0.0182168
1164 0.0183555
1165 0.0183787
1166 0.0184625
1167 0.0184475
1168 0.0184347
1169 0.0183368
1170 0.0182067
1171 0.0180673
1172 0.0178854
1173 0.017757
1174 0.017486
1175 0.0172974
1176 0.0171535
1177 0.016918
1178 0.0167676
1179 0.0165699
1180 0.0163943
1181 0.0163596
1182 0.0162598
1183 0.0161197
1184 0.0160666
1185 0.0160895
1186 0.0159983
1187 0.0159133
1188 0.0159209
1189 0.0159443
1190 0.0158416
1191 0.0158281
1192 0.0157287
1193 0.0156567
1194 0.0155349
1195 0.0153966
1196 0.0152912
1197 0.0150533
1198 0.0148283
1199 0.01469
1200 0.0145328
1201 0.0141992
1202 0.0140196
1203 0.0139065
1204 0.0137617
1205 0.0136425
1206 0.0134844
1207 0.0134939
1208 0.0135748
1209 0.0135875
1210 0.0137242
1211 0.013788
1212 0.0139919
1213 0.0142028
1214 0.0144872
1215 0.0147109
1216 0.0149597
1217 0.0153135
1218 0.0156121
1219 0.0158848
1220 0.0161187
1221 0.0163955
1222 0.0166864
1223 0.0168349
1224 0.0169385
1225 0.0170601
1226 0.0171639
1227 0.0172053
1228 0.0171886
1229 0.0170672
1230 0.0169916
1231 0.0168542
1232 0.0167033
1233 0.0165369
1234 0.0163542
1235 0.0160709
1236 0.0158063
1237 0.0155838
1238 0.0153861
1239 0.0151032
1240 0.0148677
1241 0.0147182
1242 0.0144772
1243 0.0142137
1244 0.0141204
1245 0.0138918
1246 0.0137184
1247 0.0136248
1248 0.0135086
1249 0.0134328
1250 0.0133028
1251 0.0133081
1252 0.013359
1253 0.0133681
1254 0.013386
1255 0.0134511
1256 0.013629
1257 0.0137176
1258 0.0138732
1259 0.0141088
1260 0.0143136
1261 0.0146498
1262 0.0150245
1263 0.0153637
1264 0.0158376
1265 0.0163568
1266 0.0169222
1267 0.017495
1268 0.018184
1269 0.0188906
1270 0.0196368
1271 0.0204426
1272 0.0212997
1273 0.0222207
1274 0.0231457
1275 0.0242205
1276 0.0253127
1277 0.0264067
1278 0.0276312
1279 0.0288862
1280 0.0301471
1281 0.0315195
1282 0.0329769
1283 0.0344502
1284 0.0359312
1285 0.0375518
1286 0.0391904
1287 0.0408428
1288 0.0426102
1289 0.0443019
1290 0.0460641
1291 0.0477604
1292 0.0495268
1293 0.0513121
1294 0.053089
1295 0.0548904
1296 0.056736
1297 0.0585932
1298 0.0605106
1299 0.0626665
1300 0.0649651
1301 0.067588
1302 0.0704429
1303 0.0738232
1304 0.0778205
1305 0.0822104
1306 0.0877094
1307 0.0941503
1308 0.1013049
1309 0.1098007
1310 0.1196356
1311 0.1305391
1312 0.1428741
1313 0.1569956
1314 0.172035
1315 0.1883686
1316 0.206742
1317 0.2258642
1318 0.2462309
1319 0.2681023
1320 0.2914692
1321 0.3144967
1322 0.3391396
1323 0.3645937
1324 0.3893339
1325 0.4157874
1326 0.4423684
1327 0.4674561
1328 0.4930603
1329 0.5186114
1330 0.5427845
1331 0.5668664
1332 0.5907578
1333 0.6128156
1334 0.6339944
1335 0.6547178
1336 0.6739537
1337 0.6922067
1338 0.7098983
1339 0.7263066
1340 0.7413054
1341 0.7558808
1342 0.7694442
1343 0.7818199
1344 0.7938725
1345 0.8051833
1346 0.8148532
1347 0.8243433
1348 0.8334215
1349 0.8414432
1350 0.8490785
1351 0.8563305
1352 0.8627932
1353 0.8688409
1354 0.8745183
1355 0.8798972
1356 0.8845088
1357 0.889299
1358 0.893474
1359 0.8974632
1360 0.900917
1361 0.9043056
1362 0.907224
1363 0.9101674
1364 0.912615
1365 0.9149797
1366 0.9171135
1367 0.9191137
1368 0.9206369
1369 0.922041
1370 0.9233645
1371 0.924533
1372 0.9252865
1373 0.9260781
1374 0.9266353
1375 0.9272492
1376 0.9274499
1377 0.9276692
1378 0.9274821
1379 0.9274988
1380 0.9269696
1381 0.9265095
1382 0.9256135
1383 0.9247206
1384 0.9239087
1385 0.9227434
1386 0.9216016
1387 0.9205676
1388 0.9193715
1389 0.9181127
1390 0.9170278
1391 0.9158414
1392 0.9145999
1393 0.9135027
1394 0.9126734
1395 0.9116185
1396 0.9109876
1397 0.9108897
1398 0.910655
1399 0.9105216
1400 0.9110226
1401 0.911307
1402 0.9121184
1403 0.9131993
1404 0.9146681
1405 0.9156046
1406 0.9177671
1407 0.9197355
1408 0.9215392
1409 0.9238121
1410 0.9263784
1411 0.9285795
1412 0.9308602
1413 0.9335475
1414 0.936397
1415 0.9383963
1416 0.9414094
1417 0.9444528
1418 0.9462085
1419 0.9488943
1420 0.9514426
1421 0.9537679
1422 0.9572624
1423 0.9573711
1424 0.960274
1425 0.9622215
1426 0.9641739
1427 0.9659749
1428 0.9675651
1429 0.9691774
1430 0.9706169
1431 0.9719894
1432 0.9733592
1433 0.9744832
1434 0.9755501
1435 0.9764934
1436 0.9772829
1437 0.9780624
1438 0.9787454
1439 0.9794429
1440 0.9799976
1441 0.9803693
1442 0.9808065
1443 0.9810693
1444 0.9815246
1445 0.9816026
1446 0.9818575
1447 0.9819849
1448 0.9821719
1449 0.9822777
1450 0.9822926
1451 0.9823012
1452 0.9824198
1453 0.9823303
1454 0.98226
1455 0.982028
1456 0.9821273
1457 0.9819395
1458 0.9820792
1459 0.9816484
1460 0.980992
1461 0.9809559
1462 0.9806694
1463 0.9805124
1464 0.9799614
1465 0.9794861
1466 0.9790421
1467 0.9783321
1468 0.9762948
1469 0.9769419
1470 0.9760598
1471 0.9751322
1472 0.9740895
1473 0.9728707
1474 0.9715441
1475 0.9701025
1476 0.9684038
1477 0.966607
1478 0.9655925
1479 0.9621191
1480 0.9594133
1481 0.9564207
1482 0.9531603
1483 0.9492327
1484 0.9448263
1485 0.9401405
1486 0.9346471
1487 0.9283524
1488 0.9216657
1489 0.913756
1490 0.9051162
1491 0.8959068
1492 0.8857345
1493 0.8746146
1494 0.8625501
1495 0.849768
1496 0.8357989
1497 0.8212962
1498 0.8068063
1499 0.7908418
1500 0.7747139
1501 0.7584709
1502 0.7415731
1503 0.724477
1504 0.7077352
1505 0.6907976
1506 0.6739242
1507 0.6582887
1508 0.6423817
1509 0.6267768
1510 0.6128485
1511 0.5995823
1512 0.5871031
1513 0.5767254
1514 0.5668654
1515 0.558375
1516 0.5515699
1517 0.546403
1518 0.5426387
1519 0.540814
1520 0.5392754
1521 0.5401707
1522 0.5421217
1523 0.5453724
1524 0.5500229
1525 0.5555564
1526 0.5626197
1527 0.570865
1528 0.5806962
1529 0.5908669
1530 0.6026571
1531 0.6158525
1532 0.6294281
1533 0.6434958
1534 0.6591534
1535 0.6748476
1536 0.6901227
1537 0.7066159
1538 0.7227849
1539 0.738888
1540 0.7546008
1541 0.7711777
1542 0.7866755
1543 0.802084
1544 0.816524
1545 0.8306978
1546 0.8448542
1547 0.8574661
1548 0.8690967
1549 0.8803253
1550 0.8897901
1551 0.898334
1552 0.905589
1553 0.9128601
1554 0.9185821
1555 0.9238091
1556 0.9277141
1557 0.9317035
1558 0.9349386
1559 0.9378246
1560 0.9404783
1561 0.9422982
1562 0.9440301
1563 0.9459551
1564 0.9469745
1565 0.948152
1566 0.9492588
1567 0.9502094
1568 0.9503158
1569 0.9509013
1570 0.9514918
1571 0.9514727
1572 0.9511427
1573 0.9512947
1574 0.9513329
1575 0.9505757
1576 0.9497209
1577 0.949411
1578 0.9487433
1579 0.9472859
1580 0.9455111
1581 0.9444058
1582 0.943085
1583 0.9405281
1584 0.9382618
1585 0.9357135
1586 0.9329255
1587 0.9292439
1588 0.9250416
1589 0.9213035
1590 0.916257
1591 0.9102351
1592 0.9045778
1593 0.8977372
1594 0.8896739
1595 0.8819437
1596 0.8731939
1597 0.8630943
1598 0.8528704
1599 0.8435118
1600 0.8323407
1601 0.8208409
1602 0.8108478
1603 0.8007577
1604 0.7895764
1605 0.7802913
1606 0.7717133
1607 0.7632726
1608 0.7563499
1609 0.7485295
1610 0.7432242
1611 0.7387858
1612 0.7341192
1613 0.7308661
1614 0.7282844
1615 0.7262993
1616 0.7244781
1617 0.7231119
1618 0.722219
1619 0.7212941
1620 0.720695
1621 0.7206536
1622 0.7211855
1623 0.7219593
1624 0.7239991
1625 0.7273995
1626 0.731391
1627 0.7356472
1628 0.7417142
1629 0.7486307
1630 0.7543251
1631 0.7612383
1632 0.7682173
1633 0.7753668
1634 0.7807814
1635 0.7876126
1636 0.7942674
1637 0.8000686
1638 0.8070894
1639 0.8145114
1640 0.8220199
1641 0.830475
1642 0.8395307
1643 0.8484029
1644 0.8577437
1645 0.8668734
1646 0.8753144
1647 0.883577
1648 0.8912018
1649 0.8976479
1650 0.9031491
1651 0.9087596
1652 0.9127245
1653 0.9168243
1654 0.919697
1655 0.9228678
1656 0.9259304
1657 0.9285351
1658 0.9307247
1659 0.9327054
1660 0.9352186
1661 0.937628
1662 0.9396303
1663 0.9410921
1664 0.9434224
1665 0.9453228
1666 0.9473332
1667 0.948982
1668 0.950749
1669 0.9526166
1670 0.954129
1671 0.9557265
1672 0.9574738
1673 0.9590238
1674 0.9603937
1675 0.9617886
1676 0.9634997
1677 0.9645582
1678 0.9659724
1679 0.9672591
1680 0.9687034
1681 0.9694967
1682 0.9708611
1683 0.971966
1684 0.972855
1685 0.9739054
1686 0.9748142
1687 0.9754223
1688 0.9765031
1689 0.9770603
1690 0.9776189
1691 0.9784625
1692 0.97899
1693 0.9795273
1694 0.980141
1695 0.9804474
1696 0.98083
1697 0.9814344
1698 0.9818799
1699 0.9819822
1700 0.9823174
1701 0.9824256
1702 0.9832048
1703 0.9832324
1704 0.9835209
1705 0.9834285
1706 0.9835889
1707 0.9839407
1708 0.983991
1709 0.9843168
1710 0.9840777
1711 0.9844302
1712 0.9847292
1713 0.9847578
1714 0.9845829
1715 0.9848039
1716 0.9848536
1717 0.9849358
1718 0.984857
1719 0.9849729
1720 0.9850523
1721 0.9850611
1722 0.9850826
1723 0.9850562
1724 0.9850873
1725 0.9851157
1726 0.9849849
1727 0.9851959
1728 0.9850066
1729 0.9850448
1730 0.9850925
1731 0.9846769
1732 0.9849498
1733 0.9851202
1734 0.9848889
1735 0.9842576
1736 0.9844113
1737 0.9849511
1738 0.98406
1739 0.9842713
1740 0.9842091
1741 0.9841254
1742 0.9838635
1743 0.9837219
1744 0.9838135
1745 0.9832983
1746 0.9833045
1747 0.9831934
1748 0.9828238
1749 0.9828342
1750 0.9823268
1751 0.9821967
1752 0.9821978
1753 0.9813441
1754 0.9813163
1755 0.9813617
1756 0.9809197
1757 0.9799978
1758 0.9797442
1759 0.9800549
1760 0.9798969
1761 0.9785959
1762 0.9784413
1763 0.9783292
1764 0.9772594
1765 0.9770142
1766 0.9764986
1767 0.9759346
1768 0.9753061
1769 0.9746792
1770 0.9740897
1771 0.9733729
1772 0.9726417
1773 0.9719115
1774 0.9712853
1775 0.9701076
1776 0.9693451
1777 0.9689904
1778 0.9672683
1779 0.966438
1780 0.9658894
1781 0.9648167
1782 0.9631734
1783 0.9619782
1784 0.9610041
1785 0.9600562
1786 0.9580085
1787 0.956825
1788 0.9553434
1789 0.9539365
1790 0.9521252
1791 0.9505802
1792 0.9489053
1793 0.9470172
1794 0.9451243
1795 0.9430598
1796 0.940913
1797 0.939103
1798 0.9365668
1799 0.9344344
1800 0.9313208
1801 0.9292707
1802 0.9260268
1803 0.9235709
1804 0.9205782
1805 0.9171934
1806 0.9138971
1807 0.9105968
1808 0.9068007
1809 0.9030072
1810 0.898973
1811 0.8947382
1812 0.8902687
1813 0.885613
1814 0.8806995
1815 0.8751695
1816 0.8696644
1817 0.8639938
1818 0.8577802
1819 0.8510404
1820 0.8440961
1821 0.8374534
1822 0.8298567
1823 0.8225599
1824 0.8143676
1825 0.8061048
1826 0.7979396
1827 0.7897518
1828 0.7807027
1829 0.7720033
1830 0.7631361
1831 0.7539053
1832 0.7448738
1833 0.7353597
1834 0.7255232
1835 0.7156912
1836 0.7063502
1837 0.6971978
1838 0.6881422
1839 0.6795371
1840 0.671032
1841 0.6626043
1842 0.6552739
1843 0.6479112
1844 0.6411194
1845 0.6353242
1846 0.6298787
1847 0.6250019
1848 0.62067
1849 0.6168373
1850 0.613542
1851 0.6109245
1852 0.6089672
1853 0.6076243
1854 0.6067559
1855 0.6065728
1856 0.6069422
1857 0.6077562
1858 0.6091627
1859 0.6110641
1860 0.6132181
1861 0.6156186
1862 0.6185425
1863 0.621593
1864 0.6249171
1865 0.6286226
1866 0.632589
1867 0.6361716
1868 0.6401516
1869 0.6441642
1870 0.6479198
1871 0.6513556
1872 0.6543684
1873 0.6572767
1874 0.6592947
1875 0.6609501
1876 0.6615775
1877 0.6615506
1878 0.6611036
1879 0.6595166
1880 0.6573719
1881 0.6541133
1882 0.6500468
1883 0.6453505
1884 0.6397348
1885 0.6332906
1886 0.6264814
1887 0.6186703
1888 0.6107597
1889 0.6030336
1890 0.5947071
1891 0.5862572
1892 0.578321
1893 0.5704065
1894 0.5629072
1895 0.5560598
1896 0.549716
1897 0.5438271
1898 0.5384751
1899 0.5338366
1900 0.5297309
1901 0.5268784
1902 0.5247623
1903 0.5234062
1904 0.5228604
1905 0.5231051
1906 0.524164
1907 0.525974
1908 0.5282337
1909 0.5309857
1910 0.5343681
1911 0.5379182
1912 0.5420058
1913 0.5462893
1914 0.5506226
1915 0.5547537
1916 0.5590621
1917 0.5631083
1918 0.5668382
1919 0.5706688
1920 0.5742448
1921 0.5774785
1922 0.579909
1923 0.582972
1924 0.5853346
1925 0.5874571
1926 0.5893879
1927 0.5911175
1928 0.5926981
1929 0.5941586
1930 0.5954412
1931 0.5966261
1932 0.5978423
1933 0.5989917
1934 0.5999664
1935 0.6009764
1936 0.6019568
1937 0.6028728
1938 0.6038427
1939 0.6047559
1940 0.6055929
1941 0.6063003
1942 0.6070358
1943 0.6078045
1944 0.6084855
1945 0.6090873
1946 0.6095899
1947 0.610177
1948 0.6106013
1949 0.6110301
1950 0.6116337
1951 0.6114928
1952 0.6120518
1953 0.6124272
1954 0.612751
1955 0.6131385
1956 0.6133693
1957 0.6139719
1958 0.6144717
1959 0.6148859
1960 0.6157538
1961 0.6164403
1962 0.6172618
1963 0.6186263
1964 0.6196278
1965 0.6209619
1966 0.6221581
1967 0.6243302
1968 0.6257823
1969 0.6278691
1970 0.6298035
1971 0.6320595
1972 0.6344247
1973 0.6368625
1974 0.639702
1975 0.6418168
1976 0.6447678
1977 0.6474686
1978 0.6502983
1979 0.6529977
1980 0.6556996
1981 0.6584083
1982 0.6609729
1983 0.6635548
1984 0.6661516
1985 0.6681772
1986 0.670442
1987 0.6726954
1988 0.6743455
1989 0.6759995
1990 0.678125
1991 0.6788084
1992 0.6802853
1993 0.6814428
1994 0.682389
1995 0.6829869
1996 0.6836246
1997 0.6838686
1998 0.6840672
1999 0.6844029
2000 0.6838964
2001 0.6838712
2002 0.6827096
2003 0.682367
2004 0.6821097
2005 0.6814974
2006 0.679944
2007 0.6790624
2008 0.6785493
2009 0.6769076
2010 0.675949
2011 0.674649
2012 0.6731733
2013 0.6720269
2014 0.6706625
2015 0.6689856
2016 0.6676622
2017 0.6660817
2018 0.6643457
2019 0.6630415
2020 0.6613764
2021 0.6594438
2022 0.6580282
2023 0.6565584
2024 0.6543006
2025 0.6529756
2026 0.6514858
2027 0.6495002
2028 0.6475856
2029 0.6460161
2030 0.6444857
2031 0.6423402
2032 0.6406604
2033 0.6389993
2034 0.6367906
2035 0.6352712
2036 0.6334426
2037 0.6315528
2038 0.6297904
2039 0.6280837
2040 0.6260939
2041 0.6246756
2042 0.6229565
2043 0.6210911
2044 0.6200199
2045 0.6185007
2046 0.6167699
2047 0.6160837
2048 0.615188
2049 0.6136417
2050 0.6129825
2051 0.6127003
2052 0.6122233
2053 0.6110625
2054 0.6114155
2055 0.6113562
2056 0.6117556
2057 0.6115084
2058 0.6122773
2059 0.6127253
2060 0.6133909
2061 0.6143364
2062 0.6152336
2063 0.616178
2064 0.6176642
2065 0.6185995
2066 0.619746
2067 0.6213986
2068 0.6225397
2069 0.6236188
2070 0.6251524
2071 0.6266058
2072 0.6275739
2073 0.6287207
2074 0.6297941
2075 0.6305741
2076 0.6313252
2077 0.6322193
2078 0.6323146
2079 0.6325389
2080 0.6326832
2081 0.632612
2082 0.6323712
2083 0.6316137
2084 0.6309977
2085 0.6301112
2086 0.6286153
2087 0.6273583
2088 0.6257789
2089 0.6236559
2090 0.6215366
2091 0.6194917
2092 0.6164723
2093 0.6136337
2094 0.6110188
2095 0.6079224
2096 0.6036599
2097 0.600389
2098 0.5969603
2099 0.5933037
2100 0.5881022
2101 0.5844912
2102 0.5805521
2103 0.5753205
2104 0.5710636
2105 0.5664403
2106 0.5617293
2107 0.5572163
2108 0.5522238
2109 0.5473873
2110 0.5428075
2111 0.5378298
2112 0.5331707
2113 0.5288065
2114 0.5239953
2115 0.5194714
2116 0.515233
2117 0.5106481
2118 0.5066553
2119 0.5026602
2120 0.4988981
2121 0.494875
2122 0.4913822
2123 0.4883347
2124 0.4843771
2125 0.4814671
2126 0.4786618
2127 0.4757608
2128 0.47306
2129 0.4706197
2130 0.468193
2131 0.4658897
2132 0.4638959
2133 0.4617549
2134 0.4597154
2135 0.4578241
2136 0.4558661
2137 0.4541216
2138 0.4521081
2139 0.450109
2140 0.4486034
2141 0.4465626
2142 0.4445889
2143 0.4424137
2144 0.4406778
2145 0.4391023
2146 0.4362836
2147 0.4343246
2148 0.4323548
2149 0.4301984
2150 0.4281518
2151 0.4263143
2152 0.4241958
2153 0.422523
2154 0.420983
2155 0.4195687
2156 0.4182972
2157 0.4174041
2158 0.4169774
2159 0.4168364
2160 0.4170169
2161 0.417554
2162 0.4186215
2163 0.4200673
2164 0.4219402
2165 0.4242927
2166 0.4273351
2167 0.4306097
2168 0.4345583
2169 0.4390329
2170 0.4438027
2171 0.4491674
2172 0.4550069
2173 0.4612204
2174 0.4678916
2175 0.4746164
2176 0.482101
2177 0.4895954
2178 0.497797
2179 0.5058849
2180 0.513845
2181 0.5223245
2182 0.5307955
2183 0.5391179
2184 0.5477324
2185 0.5563443
2186 0.5639903
2187 0.572602
2188 0.5801936
2189 0.5877237
2190 0.595291
2191 0.6025263
2192 0.6094704
2193 0.6159121
2194 0.6222483
2195 0.6282598
2196 0.6338942
2197 0.6391302
2198 0.643904
2199 0.6489099
2200 0.6531343
2201 0.6568632
2202 0.6605281
2203 0.6641051
2204 0.667121
2205 0.6698414
2206 0.6723361
2207 0.6744546
2208 0.6766307
2209 0.6781703
2210 0.6797103
2211 0.6808028
2212 0.6816609
2213 0.6824894
2214 0.68298
2215 0.6832684
2216 0.683384
2217 0.6834271
2218 0.6829132
2219 0.6824027
2220 0.6818347
2221 0.6807427
2222 0.6800365
2223 0.6787778
2224 0.6773467
2225 0.6759398
2226 0.6743212
2227 0.6723501
2228 0.6705303
2229 0.6682446
2230 0.6660034
2231 0.6636549
2232 0.6609771
2233 0.6583832
2234 0.6555114
2235 0.6524498
2236 0.6493849
2237 0.6461415
2238 0.6428479
2239 0.6394076
2240 0.6360449
2241 0.6322087
2242 0.6283848
2243 0.6244451
2244 0.6203847
2245 0.6162268
2246 0.6119817
2247 0.6074185
2248 0.6026713
2249 0.5979971
2250 0.5933348
2251 0.5885074
2252 0.5834992
2253 0.5784592
2254 0.5732588
2255 0.56794
2256 0.5628593
2257 0.5573956
2258 0.5519134
2259 0.5464354
2260 0.5406879
2261 0.5346843
2262 0.5289117
2263 0.5228358
2264 0.5167303
2265 0.510747
2266 0.50453
2267 0.4979664
2268 0.4918091
2269 0.4855016
2270 0.4790905
2271 0.4726642
2272 0.4663838
2273 0.4598157
2274 0.4533679
2275 0.4472277
2276 0.4407997
2277 0.434373
2278 0.4282478
2279 0.4218522
2280 0.4155681
2281 0.409485
2282 0.403391
2283 0.3972991
2284 0.3915143
2285 0.3853745
2286 0.3792408
2287 0.3733
2288 0.3673497
2289 0.361134
2290 0.355191
2291 0.3491204
2292 0.3428119
2293 0.3366958
2294 0.3307418
2295 0.3245545
2296 0.3183343
2297 0.3124275
2298 0.3060934
2299 0.29984
2300 0.2940118
2301 0.2879451
2302 0.2817981
2303 0.2760829
2304 0.2701001
2305 0.2640949
2306 0.2587761
2307 0.2531998
2308 0.2478784
2309 0.2426986
2310 0.2376892
2311 0.2327891
2312 0.2282637
2313 0.2239888
2314 0.2197809
2315 0.2160886
2316 0.2127259
2317 0.209339
2318 0.2064253
2319 0.2039275
2320 0.2017364
2321 0.1997375
2322 0.1983997
2323 0.1972593
2324 0.1964542
2325 0.1959386
2326 0.1959756
2327 0.196238
2328 0.1969659
2329 0.1980153
2330 0.1995084
2331 0.2013927
2332 0.2033535
2333 0.2058206
2334 0.2086591
2335 0.2115908
2336 0.2148779
2337 0.2187328
2338 0.2223941
2339 0.2266553
2340 0.2309821
2341 0.2352751
2342 0.240152
2343 0.2448412
2344 0.2498833
2345 0.2548507
2346 0.2600758
2347 0.2651008
2348 0.2703584
2349 0.2759539
2350 0.2808633
2351 0.2862291
2352 0.2916315
2353 0.2968199
2354 0.3019234
2355 0.3073363
2356 0.312197
2357 0.317115
2358 0.3220689
2359 0.3270508
2360 0.3314853
2361 0.3361091
2362 0.3407922
2363 0.3448528
2364 0.3491811
2365 0.353329
2366 0.357226
2367 0.3610458
2368 0.3648774
2369 0.3684665
2370 0.3716377
2371 0.3752584
2372 0.3783027
2373 0.3811519
2374 0.3840772
2375 0.3868984
2376 0.3894666
2377 0.3920659
2378 0.3942565
2379 0.3963377
2380 0.3986506
2381 0.400582
2382 0.4023899
2383 0.4040452
2384 0.4057801
2385 0.4068994
2386 0.4086608
2387 0.4094236
2388 0.4107229
2389 0.4116701
2390 0.4125587
2391 0.4133237
2392 0.4140704
2393 0.4145204
2394 0.4150231
2395 0.4152079
2396 0.4155731
2397 0.4156662
2398 0.4156019
2399 0.4155021
2400 0.415451
2401 0.4152412
2402 0.4149582
2403 0.4144649
2404 0.4141533
2405 0.4134782
2406 0.4127605
2407 0.4119627
2408 0.4109313
2409 0.4102628
2410 0.4093231
2411 0.4080713
2412 0.4070815
2413 0.4055383
2414 0.4044279
2415 0.4031074
2416 0.4017366
2417 0.4001292
2418 0.3984575
2419 0.3965972
2420 0.3950508
2421 0.3933188
2422 0.391414
2423 0.3896922
2424 0.3877909
2425 0.3856612
2426 0.3835376
2427 0.3816131
2428 0.3792459
2429 0.377367
2430 0.3751289
2431 0.3726687
2432 0.3703254
2433 0.3681018
2434 0.3657485
2435 0.3630632
2436 0.3609627
2437 0.3581534
2438 0.3556123
2439 0.3531483
2440 0.3505723
2441 0.3478181
2442 0.3455791
2443 0.3426292
2444 0.3402034
2445 0.3376042
2446 0.3351434
2447 0.3324187
2448 0.3298514
2449 0.3276343
2450 0.3248184
2451 0.3225257
2452 0.3202326
2453 0.3177267
2454 0.3155066
2455 0.3133327
2456 0.3111374
2457 0.3090053
2458 0.3070698
2459 0.3052474
2460 0.3031015
2461 0.3014081
2462 0.2998187
2463 0.2981118
2464 0.296747
2465 0.2952723
2466 0.2942473
2467 0.2932145
2468 0.2922172
2469 0.2912773
2470 0.2907664
2471 0.2901002
2472 0.2897845
2473 0.2894519
2474 0.2894839
2475 0.2895171
2476 0.289811
2477 0.2903145
2478 0.2908849
2479 0.29172
2480 0.2927713
2481 0.2938955
2482 0.2953891
2483 0.296846
2484 0.2984418
2485 0.3002905
2486 0.3022084
2487 0.3043771
2488 0.3067405
2489 0.3093388
2490 0.3116888
2491 0.3145945
2492 0.3174213
2493 0.3205566
2494 0.3237204
2495 0.3270164
2496 0.3304829
2497 0.3338774
2498 0.33762
2499 0.3410082
2500 0.34456
