250,0.0144784636512994
251,0.011486845975362
252,0.00948101392017727
253,0.0164206232344238
254,0.0024269823207866
255,0.00804432459704533
256,0.0102757044796427
257,0.0101864519116796
258,0.00705946964880268
259,0.00603514793873422
260,0.0100515031029163
261,0.00763260354754745
262,0.00373294615003956
263,0.00670831899344689
264,0.0105318932569465
265,0.0156909768397721
266,0.0127306999578742
267,0.00824447386458846
268,0.00388348022518436
269,0.0109993678006971
270,0.00493140207723743
271,0.0114158738011605
272,0.00367099927009209
273,0.00813632222519997
274,0.0056656919222875
275,0.00570080425430247
276,0.02419382654756
277,0.00828071389225397
278,0.0206901239423657
279,0.00649605151575322
280,0.00882080682748402
281,0.00973001986579736
282,0.0296491299787981
283,0.00768065053399416
284,0.0184901530331106
285,0.0125206195697214
286,0.0142279806207615
287,0.0168214407865019
288,0.0147985933203653
289,0.0080239446627892
290,0.0224241399585285
291,0.00505607268672151
292,0.00526823966025696
293,0.0125796220912406
294,0.00986522905303316
295,0.00233321326457556
296,0.0184945314371756
297,0.00394079359576782
298,0.0074908803859788
299,0.0104585736580578
300,0.00627617579826638
301,0.0163114543875983
302,0.0165958838776458
303,0.00553026323792023
304,0.00772793805280853
305,0.0119630467576633
306,0.00515263560347867
307,0.0130874565007894
308,0.0104058082342526
309,0.0147298028608165
310,0.0154904532103142
311,0.00699751131688017
312,0.00999178805217536
313,0.0153848735514683
314,0.0313676535393386
315,0.031925235883089
316,0.034119727523482
317,0.0568436413318339
318,0.0612489242006234
319,0.0932316603447742
320,0.102704035762265
321,0.138053396694429
322,0.164437120157583
323,0.213156248351406
324,0.247067645512044
325,0.277088709448171
326,0.277139288550083
327,0.259485373767853
328,0.202530735973688
329,0.148871185574024
330,0.0972389400829595
331,0.0527934738806075
332,0.0366406388838715
333,0.0152808090474298
334,0.0100688948911921
335,0.0040080635053235
336,0.00601122968352666
337,0.00690997032967812
338,0.00517017683947477
339,0.0048796481082038
340,0.00615521579174088
341,0.000781803348621791
342,0.0227421417782057
343,0.00186628695183892
344,0.00834951265290778
345,0.00709049183112534
346,0.0109714508955513
347,0.00632964495110085
348,0.00782977870992517
349,0.0089351885707826
350,0.0207476378036281
351,0.0341353205082503
352,0.0510907442124983
353,0.0674584990939652
354,0.0742078186593747
355,0.0739137476834666
356,0.0764199752610252
357,0.0894203440385142
358,0.102398436136314
359,0.123502142563108
360,0.132068893555663
361,0.144740970538146
362,0.14749985509123
363,0.15726154508964
364,0.163076298230072
365,0.166011555379997
366,0.169161723776424
367,0.168462367796648
368,0.155896058425187
369,0.146257413298313
370,0.131422876520716
371,0.119041039065192
372,0.108682314777806
373,0.0971081723692916
374,0.0911495882852646
375,0.083896027868733
376,0.0791558008431707
377,0.0723021400522063
378,0.0667677831721048
379,0.0582291772383698
380,0.0506340385394824
381,0.0428400817774332
382,0.0342035887748419
383,0.0276898202147037
384,0.0218618014745192
385,0.0162006370993822
386,0.0138154614891231
387,0.0110867168133916
388,0.0103409542677415
389,0.00721383544071529
390,0.00725105288914672
391,0.00811544625904756
392,0.00619742408491152
393,0.00574413320326476
394,0.00675307675406664
395,0.00499333948516005
396,0.0050424107466162
397,0.00510150064004615
398,0.0065251157349969
399,0.00573773655694258
400,0.00668842147672249
401,0.00614433597881126
402,0.00586190900440134
403,0.00578628845061186
404,0.00550028013479202
405,0.00491608107223968
406,0.00405528158558456
407,0.00490908784543843
408,0.00320065553342593
409,0.00329856393903919
410,0.00315951536486933
411,0.00244254357412392
412,0.00246663343539664
413,0.00236989266959925
414,0.00256798092303126
415,0.00271228908899911
416,0.00236704538810164
417,0.0031823703118634
418,0.0030135143817281
419,0.00296478181678813
420,0.00263900228045133
421,0.00292643383119971
422,0.00206450755840772
423,0.0014992956120614
424,0.00197328469123316
425,0.00130486317609116
426,0.00150577948250286
427,0.00106068732298561
428,0.00180234325637287
429,0.00193938815304652
430,0.0017584609679574
431,0.00173374312449207
432,0.002098652216993
433,0.00206396305257833
434,0.00261079492819363
435,0.0027800425222727
436,0.00301086902417121
437,0.00272594529094902
438,0.00241300759254951
439,0.00147530958459564
440,0.00105541050453913
441,0.00109884787892118
442,0.00046162428300906
443,0.000327949078431009
444,8.55683451574437E-05
445,0.000768109875095172
446,0.00018685817444585
447,0.000708365990324496
448,0.000226091347289891
449,0.000242292108484627
450,0.000490174967755054
451,0.000297702003680817
452,0.000820179186233797
453,0.000523517081743455
454,0.00089319750020553
455,0.000627402651934145
456,0.00051955128495169
457,0.000324642005446663
458,4.95712751654621E-05
459,0.000428543694306301
460,0.000924456589320475
461,0.000180310905427522
462,0.000455895088009465
463,0.000481381254172462
464,0.00128401545010602
465,0.00129848323347117
466,0.00141146762145255
467,0.001491489061883
468,0.00146250237355983
469,0.00109768971897672
470,0.000752219837561201
471,0.000498248795470254
472,0.000598399294022989
473,0.000302274705788474
474,0.000312556125363679
475,0.000167005754117908
476,0.0003283868230193
477,0.000473144776704805
478,0.000133162019891653
479,0.000467667259192125
480,0.000230254981251887
481,0.000478257339462556
482,0.000125806738382263
483,0.000228516193057751
484,7.8109714091279E-05
485,0.000612159083040939
486,0.000100301304069792
487,0.000458493069539342
488,0.000222312213626613
489,0.000429931842851157
490,0.000312799975844127
491,0.000244983577249033
492,0.000390853316944522
493,0.00048110765026428
494,0.000548157727063951
495,0.000736922210227589
496,0.000826642735566609
497,0.00121518272317226
498,0.00177558294703949
499,0.0015676679786085
500,0.00155079258389402
501,0.00117329148870849
502,0.000933054961883939
503,0.000978594592693155
504,0.000527393847127192
505,0.000442783682220375
506,0.000285798157089011
507,0.000345650425799453
508,0.000389890235159494
509,0.000768712032814277
510,0.000526590172049353
511,0.000459370332184802
512,0.00066187129762199
513,0.000704091693902892
514,0.000616674762743476
515,0.000779133513718503
516,0.00073429411402359
517,0.0007976314195444
518,0.000659699614120337
519,0.000506231639420887
520,0.000453138876020254
521,0.000360816821326829
522,0.000468455001973783
523,0.000320299740167048
524,0.000370151614154215
525,0.000225465707350104
526,0.000332311414846592
527,2.99178403490213E-05
528,0.000188884532203013
529,0.000107373497193337
530,0.000295612555655871
531,0.000487737289432821
532,0.000552265319137578
533,0.000984496252742619
534,0.00105572128209297
535,0.00112973467477691
536,0.00120967107511874
537,0.00104900374181145
538,0.000735834059372219
539,0.000817755567588763
540,0.000573261101032561
541,0.000523596522700635
542,0.000526993247525654
543,0.000448695078784689
544,0.000702267372448244
545,0.000970872296201316
546,0.0012494020842987
547,0.00174382873958674
548,0.00214986969880368
549,0.00277438689606634
550,0.00286649353209201
551,0.00276289851911158
552,0.00238431186012
553,0.00191132447778929
554,0.00134731020450135
555,0.000767807924440209
556,0.000438634178303504
557,0.000373438900723098
558,0.000379307007460013
559,0.000219347899238007
560,0.000300184476846209
561,0.00028953658878534
562,0.000367948358961001
563,0.0002946404771801
564,0.000419997717676824
565,0.00035690702209664
566,0.000475390845730281
567,0.000401416773095676
568,0.000296960140690563
569,0.000457022901169093
570,0.000658906396797773
571,0.00098222245866271
572,0.00137540785618315
573,0.00176659518973764
574,0.00224541764140191
575,0.00256926187001856
576,0.00275163666544362
577,0.00272217254338677
578,0.00236486381296723
579,0.00158300827255255
580,0.00111349401954053
581,0.000678227076726486
582,0.000450400944888983
583,0.000218510798687174
584,0.00013702254756853
585,6.68883135694163E-05
586,0.000336319751598273
587,0.000489124685152134
588,0.000685455327334572
589,0.000794710870564449
590,0.00117540674488426
591,0.000957654445958189
592,0.000792845210270792
593,0.000659720858197884
594,0.000516956307285462
595,0.000492113910216979
596,0.000288390484812132
597,0.000195433907404328
598,0.000130273976674693
599,0.000260954207545864
600,0.000203579919717555
601,0.000253541488957449
602,0.000255584848438729
603,0.000201699697826113
604,0.000273610126533104
605,0.000182731908691713
606,0.000270404030166177
607,0.000141532813001757
608,2.6367543305899E-05
609,0.000276220733640162
610,0.000201545974271612
611,0.000109024193357741
612,0.000389536251904689
613,8.72142077006187E-05
614,0.000319402488400025
615,0.000114923973625551
616,0.000407235051056284
617,0.00032510588186619
618,0.000177147969754492
619,0.000108573111061822
620,0.000170176438159147
621,0.000221377328694906
622,0.000465625878389565
623,0.000119887712819493
624,0.000183372490808782
625,0.000321271471422861
626,0.000148729681938006
627,0.000344922800227818
628,0.000569866380333282
629,0.000303391372815995
630,0.000558505614372939
631,0.000762918069810823
632,0.00228854642483675
633,0.00563406655043032
634,0.0116924629779655
635,0.0203532446097638
636,0.0312383958166492
637,0.0425184194356624
638,0.0543552847937742
639,0.0668234158107937
640,0.0810234458792264
641,0.0981498096179359
642,0.118184812602092
643,0.139189937157834
644,0.160046953329654
645,0.179507725260861
646,0.198401713601304
647,0.219368043695665
648,0.242699669294852
649,0.268442895491328
650,0.295229031315806
651,0.320406809577914
652,0.342934299445335
653,0.362200510863818
654,0.379248135717552
655,0.394867635957071
656,0.409385906044219
657,0.424032915854573
658,0.439349099982611
659,0.455526417242816
660,0.473150930774071
661,0.492455805736667
662,0.515258168207609
663,0.54250369888143
664,0.574052818409513
665,0.610432424112343
666,0.65129693124354
667,0.695246704465963
668,0.738892073670197
669,0.78079943468675
670,0.818350451567057
671,0.850345634237236
672,0.875590807668743
673,0.895360741925126
674,0.910959000085257
675,0.9234939379605
676,0.933278500113139
677,0.942037229691255
678,0.949613494672868
679,0.95648236713248
680,0.961047472635575
681,0.964006097536363
682,0.966612800165384
683,0.968811095700384
684,0.970465111182641
685,0.97261221059859
686,0.974442424141674
687,0.976382381721453
688,0.977874295567857
689,0.978616818608185
690,0.97902947287028
691,0.979060103230879
692,0.979657076656864
693,0.979949333008443
694,0.980426574765307
695,0.980570456255778
696,0.980160634787807
697,0.979948314273132
698,0.979048858289095
699,0.977822824840328
700,0.977258475451421
701,0.976076138849787
702,0.975185617966503
703,0.97429332140168
704,0.973678276639464
705,0.97289928989744
706,0.972173515731417
707,0.971233797315998
708,0.970813681845626
709,0.970135505921482
710,0.970235408529529
711,0.970678203987058
712,0.971114095637336
713,0.971799354994284
714,0.972085784143961
715,0.972388817789885
716,0.972800200103097
717,0.972853142752505
718,0.972377138273542
719,0.971949581424276
720,0.970634491419773
721,0.970255130833225
722,0.970524042792965
723,0.97056785862485
724,0.971450731040174
725,0.971880281372142
726,0.972411497321436
727,0.973072333367884
728,0.973506921947502
729,0.973910623389113
730,0.974479335737976
731,0.974419148513445
732,0.974937935134199
733,0.975193838466753
734,0.975412925508416
735,0.975421366628401
736,0.97607274725077
737,0.975896148585485
738,0.975935626691861
739,0.97563022962298
740,0.975321069505188
741,0.975260652657316
742,0.974620330253014
743,0.973928331133746
744,0.97376609360073
745,0.973185779067863
746,0.972935365736384
747,0.972458427795276
748,0.972639434246655
749,0.972530858911173
750,0.972284588226545
751,0.97186835317643
752,0.972115699344658
753,0.972025196971044
754,0.972199727453006
755,0.972852627285075
756,0.973544884221202
757,0.974546471829806
758,0.975766211492121
759,0.976724301469086
760,0.977954523110827
761,0.979021132878475
762,0.979265679607001
763,0.979811342247698
764,0.97995473103111
765,0.97933204532979
766,0.978745202987374
767,0.977719082901542
768,0.976775048258301
769,0.976414389344201
770,0.975513750087776
771,0.974985827071263
772,0.974853107061144
773,0.974997448531576
774,0.975311114306952
775,0.975174695655683
776,0.9753213086559
777,0.975340221219043
778,0.975115711497149
779,0.975118494860369
780,0.974412551883364
781,0.973981247731092
782,0.973989370828367
783,0.973617427598684
784,0.973623454923103
785,0.9738593004853
786,0.974292696036559
787,0.974768266259004
788,0.97528528208546
789,0.976191968322183
790,0.976411070736508
791,0.976969620097158
792,0.977310857888844
793,0.977220789739246
794,0.977295920843505
795,0.976974379367602
796,0.976495625567247
797,0.97564083810959
798,0.975364956712114
799,0.97496664935861
800,0.974322161692762
801,0.974286444702688
802,0.974136451838603
803,0.974366244217432
804,0.97456767368858
805,0.974609332700777
806,0.974818607476167
807,0.97484274107789
808,0.974823936820776
809,0.974361539277368
810,0.974050000907634
811,0.973804648226408
812,0.973919229515199
813,0.973627942325401
814,0.973536847503242
815,0.974080541313748
816,0.97438888405186
817,0.974864305728358
818,0.975329482113331
819,0.976098511579719
820,0.976436159752747
821,0.977388161977725
822,0.977485809168585
823,0.977614011809385
824,0.977519172769352
825,0.977763609083205
826,0.976933099415682
827,0.976808445647484
828,0.976143454615751
829,0.975616745857267
830,0.975271215193495
831,0.974970230826004
832,0.974630324689429
833,0.974517356815129
834,0.974670677999078
835,0.975079040194364
836,0.975943904038888
837,0.976302339042355
838,0.976701110522002
839,0.977416929411499
840,0.977637481271946
841,0.977795372120008
842,0.978225635480076
843,0.978242553481955
844,0.978325151495094
845,0.978095014987394
846,0.978164497223969
847,0.97815865913437
848,0.978075031728336
849,0.978127674086863
850,0.978369455339162
851,0.978424428928235
852,0.978841285594623
853,0.979113436180635
854,0.979535203783428
855,0.97982010752883
856,0.980089132561154
857,0.980067379279791
858,0.980243639064345
859,0.980360527098699
860,0.98026739625598
861,0.980210033104142
862,0.980165842088816
863,0.980196343252698
864,0.980062406158523
865,0.980054233958486
866,0.980042048413066
867,0.980286609307055
868,0.980533279616643
869,0.980780448775371
870,0.980926025953186
871,0.980904547104225
872,0.980978701325363
873,0.980960921890943
874,0.980828025292595
875,0.980482365450961
876,0.980150039875086
877,0.979904263335731
878,0.97918175501915
879,0.978547172376735
880,0.977948279751746
881,0.97767970076326
882,0.977162532741138
883,0.976724707734657
884,0.976781476365905
885,0.976984929156095
886,0.976994050874237
887,0.977367222580308
888,0.977750021004618
889,0.978300214107207
890,0.978841830694133
891,0.979480971428216
892,0.979730048385205
893,0.980031516424708
894,0.98032062466601
895,0.980400850957276
896,0.98010234577997
897,0.979991609096885
898,0.979800564404068
899,0.979241459135668
900,0.978887019133918
901,0.978246289307605
902,0.977917845919229
903,0.977507736810481
904,0.977496548895399
905,0.977290762738364
906,0.977242991711469
907,0.977417341642925
908,0.977706480942588
909,0.978053975378715
910,0.978220468278203
911,0.978543173821481
912,0.978800951484656
913,0.978900050580414
914,0.978996128530395
915,0.978814567632015
916,0.978655155936585
917,0.978162008272704
918,0.977810604541547
919,0.977194977072722
920,0.976427449847115
921,0.97583518946607
922,0.975202061591465
923,0.974723204681581
924,0.974215486344179
925,0.973976928358282
926,0.973986781169546
927,0.973926898034319
928,0.974244467326387
929,0.974622376277915
930,0.974972171017492
931,0.975340062200564
932,0.975865892748519
933,0.976436181235819
934,0.976784267634355
935,0.977194101615548
936,0.977153822066629
937,0.977259175889074
938,0.977157607691599
939,0.976894992198099
940,0.976433263375354
941,0.976048605670714
942,0.975298349566001
943,0.974766983119352
944,0.974139487777478
945,0.973639442558799
946,0.97312214125043
947,0.972847559932407
948,0.972669897998209
949,0.972655273288691
950,0.972811646635819
951,0.973165113241187
952,0.973528666173451
953,0.974065804960751
954,0.974612977024153
955,0.975331526368747
956,0.976018515881986
957,0.976803486540697
958,0.977141918132333
959,0.977794342015875
960,0.978244401438735
961,0.97853460795998
962,0.978673105466549
963,0.978861248412145
964,0.9786714324009
965,0.978811878838786
966,0.978575878226857
967,0.978376403422348
968,0.978116943530108
969,0.978008735805835
970,0.978039389951237
971,0.978134511526355
972,0.978053644347406
973,0.978304850086913
974,0.978361925727071
975,0.978854863047341
976,0.979209287526867
977,0.97972551713718
978,0.980095675991769
979,0.980485708500747
980,0.980940337612593
981,0.981233015956144
982,0.981359760193486
983,0.981454958810137
984,0.981805008260805
985,0.981521788417897
986,0.981273929052012
987,0.9811778364918
988,0.980789618883191
989,0.980608721822549
990,0.98014669600882
991,0.97966596260684
992,0.979382258742059
993,0.979065631424576
994,0.97889576048163
995,0.978750263098508
996,0.978516305940564
997,0.978672842392506
998,0.978944455433629
999,0.979400257499828
1000,0.979507565148028
1001,0.979755622012279
1002,0.980243569265801
1003,0.980491277681238
1004,0.9810167684578
1005,0.981350430684829
1006,0.981674804398424
1007,0.981815393392363
1008,0.982109234865375
1009,0.982060841096462
1010,0.982133515162979
1011,0.981868007749111
1012,0.981797450363912
1013,0.981693727841116
1014,0.981307941109549
1015,0.980870608880656
1016,0.980595379775873
1017,0.980460815561604
1018,0.980052564268459
1019,0.979759578610316
1020,0.979728524927185
1021,0.979938498317897
1022,0.979836166085869
1023,0.98002135848339
1024,0.980032779829278
1025,0.980383208334347
1026,0.980887270430635
1027,0.981342472262248
1028,0.981636700266385
1029,0.982063154967512
1030,0.982424783816109
1031,0.982789604410874
1032,0.983199219762706
1033,0.983293350965213
1034,0.983476662822461
1035,0.983523861975199
1036,0.983420156967452
1037,0.98315266248679
1038,0.982756216590871
1039,0.982206973785003
1040,0.981807762575198
1041,0.981145551828092
1042,0.980475623008361
1043,0.979739377026545
1044,0.978914700037837
1045,0.978397473887162
1046,0.977659558386645
1047,0.976960503242434
1048,0.97649126372762
1049,0.975910488828544
1050,0.973226658937663
1051,0.972865740587188
1052,0.972490689682045
1053,0.972405657463515
1054,0.972404236280729
1055,0.972087451631034
1056,0.972232341165947
1057,0.972235103019968
1058,0.9724656407546
1059,0.972269931760989
1060,0.972249471293202
1061,0.972332127571722
1062,0.972380771394047
1063,0.972280665112808
1064,0.972110438540962
1065,0.972110755397125
1066,0.972119892865078
1067,0.971832226674832
1068,0.971840382769361
1069,0.971636126848099
1070,0.971483079030085
1071,0.971530855343786
1072,0.971227519606744
1073,0.971120715148384
1074,0.97098738241095
1075,0.970865388279489
1076,0.970794468681054
1077,0.970808431513605
1078,0.970832824663619
1079,0.971408389293966
1080,0.971074598418083
1081,0.971983457746925
1082,0.972247979192239
1083,0.972288451616213
1084,0.972608800387107
1085,0.972980455787914
1086,0.972951253949488
1087,0.973369343413767
1088,0.973382888285463
1089,0.973500409662889
1090,0.97354364713124
1091,0.973714273233971
1092,0.974006597278723
1093,0.973659433303425
1094,0.973541976420234
1095,0.973150580156942
1096,0.973066982858236
1097,0.972778375542363
1098,0.972466164416254
1099,0.971887152579105
1100,0.971296517367367
1101,0.972146702596669
1102,0.970717209017135
1103,0.971098906251757
1104,0.970616645104694
1105,0.970593838684062
1106,0.970487816657103
1107,0.970422906013639
1108,0.970270238307648
1109,0.971024973117788
1110,0.97061078417248
1111,0.971161071792953
1112,0.971716321777252
1113,0.971143883287356
1114,0.972687158804978
1115,0.97287580046394
1116,0.973196045291011
1117,0.973122628262146
1118,0.974099579502879
1119,0.975051700359752
1120,0.975308725820319
1121,0.974410216873858
1122,0.975566625879788
1123,0.975678322766858
1124,0.975854755579317
1125,0.975393780760608
1126,0.975535542603221
1127,0.974947452988929
1128,0.975633839712411
1129,0.975040694715251
1130,0.974478956555316
1131,0.974409018498904
1132,0.973588808861738
1133,0.973044335873307
1134,0.973558056544956
1135,0.97215214981466
1136,0.971999852002053
1137,0.972653180849959
1138,0.971191072652976
1139,0.971586245573551
1140,0.971324245907162
1141,0.971675355173032
1142,0.971380930674746
1143,0.97159395156657
1144,0.971953467201451
1145,0.971937011412489
1146,0.972335113496663
1147,0.972678022339919
1148,0.973130010924404
1149,0.973619608873042
1150,0.974215709027123
1151,0.974744752513302
1152,0.974706457798482
1153,0.975541518492268
1154,0.97639268874267
1155,0.975433802368468
1156,0.976393919134953
1157,0.977208057656049
1158,0.977478547149557
1159,0.976065437970219
1160,0.977347494106603
1161,0.977549525129971
1162,0.977226212950182
1163,0.977263843922082
1164,0.977221042402965
1165,0.976780561327252
1166,0.976891110006907
1167,0.976640202249978
1168,0.976420244525433
1169,0.976248005085085
1170,0.976035652406621
1171,0.976073000383876
1172,0.976715568985666
1173,0.97475696911508
1174,0.975555187436799
1175,0.975638010246082
1176,0.975978579866061
1177,0.976140463022437
1178,0.975297528553972
1179,0.975926505081712
1180,0.976234406028042
1181,0.976679582916989
1182,0.976850496814737
1183,0.977739667052203
1184,0.977033253365208
1185,0.977800389337884
1186,0.978134833829972
1187,0.978331149248479
1188,0.978696555566252
1189,0.979100539902592
1190,0.980530678563217
1191,0.977702160307485
1192,0.979516581411738
1193,0.979734829201882
1194,0.979880579620324
1195,0.979972747212429
1196,0.97955553833625
1197,0.979707565483112
1198,0.979747017681722
1199,0.979502458439344
1200,0.980687450674882
1201,0.979120207115322
1202,0.979755482173337
1203,0.979481972950523
1204,0.979029339792251
1205,0.979496353752716
1206,0.978950033627972
1207,0.978949789330025
1208,0.97845721488985
1209,0.978331189918554
1210,0.9781263925771
1211,0.978754282720018
1212,0.978509157331107
1213,0.978287377867267
1214,0.978508077606603
1215,0.978384702382926
1216,0.97845178126297
1217,0.979143460876795
1218,0.978948800735318
1219,0.979344070040581
1220,0.979483836786588
1221,0.979913235510242
1222,0.979840964297649
1223,0.980067341931006
1224,0.980810174688632
1225,0.980386480852261
1226,0.980334859003131
1227,0.98090269458356
1228,0.980760639513198
1229,0.980818901536537
1230,0.98061525177208
1231,0.980293190334185
1232,0.980726449505221
1233,0.980326900214588
1234,0.980009939060184
1235,0.979761080391792
1236,0.979011174744294
1237,0.979876107259579
1238,0.978884596036627
1239,0.978476412775423
1240,0.978148264463697
1241,0.977814304334244
1242,0.978044738454301
1243,0.977103122172773
1244,0.977276957637434
1245,0.976707652372061
1246,0.975841733040356
1247,0.976248501141492
1248,0.97625224778668
1249,0.975989094245715
1250,0.976005658292069
1251,0.975449553680381
1252,0.976166515742549
1253,0.976399538596159
1254,0.976192268077425
1255,0.976180906787088
1256,0.976428769908272
1257,0.977349381526958
1258,0.977250486972767
1259,0.977678465061499
1260,0.977227615310961
1261,0.977920156309783
1262,0.978019691805037
1263,0.978436159154137
1264,0.97883178904946
1265,0.979264491175168
1266,0.979196932381692
1267,0.979566069035483
1268,0.979586276255028
1269,0.979795128492434
1270,0.979464787220954
1271,0.979576938957576
1272,0.979632963339991
1273,0.979886468427582
1274,0.979447402262645
1275,0.9794502006648
1276,0.979300310333889
1277,0.979126999990185
1278,0.978937781755659
1279,0.978752602055895
1280,0.978723542538878
1281,0.978334262449958
1282,0.97814060525281
1283,0.977776624606564
1284,0.977766230086404
1285,0.977585442088957
1286,0.977409971785577
1287,0.977377929795973
1288,0.977528918120181
1289,0.977339841148549
1290,0.977200557858465
1291,0.977278726739256
1292,0.977252323749939
1293,0.977401930437489
1294,0.977752787995881
1295,0.977846040208987
1296,0.977736056378788
1297,0.978271554984687
1298,0.978565375920238
1299,0.978772102595084
1300,0.979091308658545
1301,0.979107976097453
1302,0.979689516426813
1303,0.980125060607881
1304,0.980047526175526
1305,0.980590869532182
1306,0.980921577882985
1307,0.980859032844625
1308,0.980946434121224
1309,0.981080819629963
1310,0.981103114720934
1311,0.981136337073331
1312,0.981228949376917
1313,0.981390126334004
1314,0.980072278240142
1315,0.980791052982762
1316,0.980531387774813
1317,0.980202053744295
1318,0.980018862165128
1319,0.979633586486871
1320,0.979430222286682
1321,0.978908092877551
1322,0.978643316720178
1323,0.977971618363739
1324,0.977670200962636
1325,0.97722986120866
1326,0.976939275374822
1327,0.976411156715234
1328,0.975927868439217
1329,0.97537322339544
1330,0.975106006157322
1331,0.97484367209736
1332,0.974452441931197
1333,0.973916122457465
1334,0.973948393414703
1335,0.973777365141884
1336,0.973488381561071
1337,0.973248081996261
1338,0.97327714325674
1339,0.973090510754353
1340,0.973104573728041
1341,0.972809315256778
1342,0.973092740922913
1343,0.973116761495962
1344,0.972974276325733
1345,0.973171585524616
1346,0.972970023543558
1347,0.973239964880036
1348,0.973384401644278
1349,0.973444205749269
1350,0.97363382405196
1351,0.973771654507408
1352,0.973736090816326
1353,0.974061669514503
1354,0.973986032204005
1355,0.974042281865422
1356,0.97377639711419
1357,0.97377955754259
1358,0.973803633883034
1359,0.97392906000462
1360,0.973460965295937
1361,0.973127104766494
1362,0.973003069071133
1363,0.972484885297143
1364,0.972013938594022
1365,0.971694352388243
1366,0.971403834393454
1367,0.970268535634698
1368,0.969677082952671
1369,0.969009368000419
1370,0.968028981813696
1371,0.966912246853593
1372,0.965888399942427
1373,0.964587180819111
1374,0.963438540101926
1375,0.96222451851875
1376,0.960516981017298
1377,0.959549182092145
1378,0.95836113186509
1379,0.956933372964391
1380,0.956128779410893
1381,0.954707242098966
1382,0.954079058025479
1383,0.95340836836797
1384,0.953083846634982
1385,0.953469129935429
1386,0.953704170912625
1387,0.95450718473288
1388,0.954880722837012
1389,0.955756200610032
1390,0.956625600512939
1391,0.957550011365791
1392,0.959085388395981
1393,0.959569851958394
1394,0.960781850671937
1395,0.961896657157029
1396,0.962554694266507
1397,0.963456410627068
1398,0.964237296668204
1399,0.965436907737167
1400,0.96618761836865
1401,0.967127522800599
1402,0.967639171445382
1403,0.968542957227695
1404,0.969725969400614
1405,0.969256271280063
1406,0.969788702629781
1407,0.970626249026688
1408,0.970685194096334
1409,0.971053408121623
1410,0.970945916497008
1411,0.971495774022974
1412,0.97116944712182
1413,0.971726472302167
1414,0.971906444618664
1415,0.971657921228568
1416,0.971904268199516
1417,0.971586978209898
1418,0.97161064911528
1419,0.971579501863303
1420,0.97154185055721
1421,0.971849698402746
1422,0.970692070005178
1423,0.970733748339852
1424,0.970628652632488
1425,0.970709311799051
1426,0.970394500937104
1427,0.9705796075733
1428,0.970580633512156
1429,0.970658622657271
1430,0.970491552916075
1431,0.970449560067367
1432,0.970783933864251
1433,0.970557264622727
1434,0.970820419410641
1435,0.970867331564745
1436,0.971120849780883
1437,0.971243685126373
1438,0.971573007690361
1439,0.971872421764597
1440,0.972057152750055
1441,0.972268135016822
1442,0.972687816834572
1443,0.972668964679794
1444,0.973058105302373
1445,0.973403672219832
1446,0.973528882963952
1447,0.973875295571454
1448,0.974166243916062
1449,0.974289262275618
1450,0.974646272613293
1451,0.974728182208977
1452,0.975156987758289
1453,0.975159882449836
1454,0.97551800353692
1455,0.975296110879023
1456,0.975686267539178
1457,0.975987133773731
1458,0.975889198701717
1459,0.975872178234142
1460,0.97594081108327
1461,0.97572533168868
1462,0.97565145098634
1463,0.975907849212855
1464,0.974745779731198
1465,0.975220871131599
1466,0.975105043142872
1467,0.975814097791866
1468,0.974698385668031
1469,0.974608540127739
1470,0.974168726720007
1471,0.974109040461296
1472,0.973980315721041
1473,0.973406576639128
1474,0.973413824964019
1475,0.97292645504806
1476,0.972876819456613
1477,0.972754420538757
1478,0.972476745147686
1479,0.972653556273947
1480,0.972488377046073
1481,0.972195083252033
1482,0.971995469047578
1483,0.971658417969483
1484,0.971942812682505
1485,0.971996656248224
1486,0.972104418444397
1487,0.972101785593515
1488,0.972329717134591
1489,0.972065088981734
1490,0.972244423324823
1491,0.972442394086835
1492,0.97274248364634
1493,0.972896639188733
1494,0.973267112658592
1495,0.973565403655194
1496,0.9731758051977
1497,0.973792669222774
1498,0.97412150092734
1499,0.97453092248096
1500,0.974883999082561
1501,0.974909137891384
1502,0.974694920986931
1503,0.975315829470386
1504,0.97555452771318
1505,0.976249125054625
1506,0.975634449244535
1507,0.975804968722498
1508,0.975897127945151
1509,0.976384756167817
1510,0.976240780966086
1511,0.97629955985552
1512,0.976880008270242
1513,0.97703019838337
1514,0.975898652013337
1515,0.975897125273619
1516,0.976322555798085
1517,0.976244583435422
1518,0.975957098324076
1519,0.976043240947832
1520,0.975810128351566
1521,0.97541192274269
1522,0.975099719390917
1523,0.975057293360676
1524,0.974624584351046
1525,0.974315977792565
1526,0.973964567318999
1527,0.973807774128661
1528,0.973846332175568
1529,0.972755913268408
1530,0.972659366497515
1531,0.972637317538734
1532,0.972483801405699
1533,0.971545969005556
1534,0.971512246961738
1535,0.971375641815716
1536,0.971604674220184
1537,0.97051830797379
1538,0.970231088950266
1539,0.970554418046937
1540,0.970723778792319
1541,0.969851180704785
1542,0.969044138024396
1543,0.969804975119395
1544,0.970134456356257
1545,0.97005253743971
1546,0.96980901138823
1547,0.969642630008852
1548,0.969158394055793
1549,0.970278035305804
1550,0.970189158535211
1551,0.96999479598902
1552,0.969426912144178
1553,0.969770236994608
1554,0.970923461271031
1555,0.970331238928926
1556,0.970362530301163
1557,0.970286474887874
1558,0.970646025301086
1559,0.971201787211639
1560,0.97067313939287
1561,0.970952863566996
1562,0.971507299391588
1563,0.971268652597714
1564,0.971038591330441
1565,0.971304138529353
1566,0.971809551686576
1567,0.971463138666889
1568,0.970978439753133
1569,0.971482363333746
1570,0.971720498029811
1571,0.971201832770493
1572,0.970531990130115
1573,0.971242468902043
1574,0.971218153150311
1575,0.970795377364042
1576,0.970352454504763
1577,0.969328929929662
1578,0.970728411029567
1579,0.969633331407475
1580,0.969137966644531
1581,0.968557770072858
1582,0.969005381427081
1583,0.968230416661802
1584,0.967659280216701
1585,0.967120677336363
1586,0.967299711020038
1587,0.966462934153416
1588,0.965949661233048
1589,0.965747692154806
1590,0.9654327684222
1591,0.964992628833233
1592,0.964424702380201
1593,0.964239430989433
1594,0.963726554177473
1595,0.963236568391761
1596,0.962955611142398
1597,0.96261315112883
1598,0.962401860788072
1599,0.961999640466481
1600,0.961791028982394
1601,0.96143690455952
1602,0.960824241785303
1603,0.961329875295695
1604,0.960768104389781
1605,0.960979446435731
1606,0.959906533500285
1607,0.959882808832935
1608,0.960459881363275
1609,0.959983869903101
1610,0.959240353669527
1611,0.960471860670245
1612,0.959812434391856
1613,0.959761910884124
1614,0.959549963102803
1615,0.959496754915479
1616,0.959673989864977
1617,0.959603855563566
1618,0.959249698299047
1619,0.959456909091472
1620,0.959553655848148
1621,0.959124500581254
1622,0.959135600174283
1623,0.95902511222567
1624,0.958648656005022
1625,0.958621836558212
1626,0.958560475558171
1627,0.958434512488978
1628,0.9572580731743
1629,0.958045208505238
1630,0.95779142950685
1631,0.957039685951461
1632,0.955652795229872
1633,0.956559821765024
1634,0.955794520801321
1635,0.955137974829726
1636,0.953825266794035
1637,0.954544790727996
1638,0.953260089468618
1639,0.952557439367346
1640,0.951781581121474
1641,0.951269088058577
1642,0.950266980413979
1643,0.94951441357132
1644,0.948811042381501
1645,0.947720913450133
1646,0.946516179737574
1647,0.945913337314696
1648,0.944954902035798
1649,0.94360715628316
1650,0.942820521094481
1651,0.94145184302675
1652,0.94071080410281
1653,0.938846032992182
1654,0.93817795889305
1655,0.936536484160788
1656,0.935396974166093
1657,0.934071603260934
1658,0.932377524242262
1659,0.932047984185542
1660,0.930229118899431
1661,0.928623559860018
1662,0.926293107701915
1663,0.926050964680842
1664,0.924022983083979
1665,0.922099112324371
1666,0.920385338939636
1667,0.919102440344161
1668,0.917184444615663
1669,0.915159734858336
1670,0.913268871712535
1671,0.911481855886322
1672,0.909224738452631
1673,0.907203199028823
1674,0.905171184835659
1675,0.902400693197698
1676,0.899996194572258
1677,0.897601815408958
1678,0.895172705549267
1679,0.891851002397076
1680,0.889271390734478
1681,0.886411885657579
1682,0.883361161688833
1683,0.879672043209385
1684,0.87657509506332
1685,0.873388426826736
1686,0.86907321834778
1687,0.865911341232883
1688,0.862009292312411
1689,0.857847874959796
1690,0.853564717815449
1691,0.849487725876622
1692,0.845182838914779
1693,0.840452737313262
1694,0.83574021968739
1695,0.831223763777647
1696,0.826308560871643
1697,0.821202033075911
1698,0.816127431748682
1699,0.81150873731063
1700,0.805784969713943
1701,0.800511338813714
1702,0.795555645283996
1703,0.789755893216903
1704,0.784454739186137
1705,0.778804252427041
1706,0.774045206615736
1707,0.767877887028881
1708,0.762714868581408
1709,0.757543665853631
1710,0.751466736929564
1711,0.746539108558426
1712,0.74121788422336
1713,0.735810106441286
1714,0.730238366928878
1715,0.726077956774307
1716,0.720769948156774
1717,0.715666460528716
1718,0.711078393148681
1719,0.706777373652496
1720,0.701760209446559
1721,0.697446548212882
1722,0.69359892770486
1723,0.689266589898871
1724,0.685525413099741
1725,0.681797472375677
1726,0.678137506156931
1727,0.674775527760238
1728,0.671720253735242
1729,0.668883239069688
1730,0.665858177692664
1731,0.663550569795896
1732,0.660818419608859
1733,0.659146721535973
1734,0.656858097008598
1735,0.655247471369694
1736,0.65354855459897
1737,0.652661164739124
1738,0.651397407104421
1739,0.650106394813362
1740,0.650268937955481
1741,0.64955539949812
1742,0.649246531481281
1743,0.649007865515443
1744,0.649363769913902
1745,0.649880319731254
1746,0.650343269830608
1747,0.651119155238858
1748,0.652593896205037
1749,0.653206118823088
1750,0.654696833230929
1751,0.65674410818438
1752,0.658329265661939
1753,0.660085097551838
1754,0.66197387059386
1755,0.665018381950675
1756,0.667044713091677
1757,0.669509089276976
1758,0.672232323481153
1759,0.675778256788808
1760,0.678529559180755
1761,0.681393152649552
1762,0.684672578975527
1763,0.689047504190157
1764,0.692201437742252
1765,0.695840617205088
1766,0.698947459271384
1767,0.703959850583844
1768,0.707375563687499
1769,0.71129954984596
1770,0.715590310145543
1771,0.719809390728143
1772,0.723779687302886
1773,0.72805806483033
1774,0.732513573246417
1775,0.736430113172509
1776,0.740655593015917
1777,0.745500113959057
1778,0.749273159324182
1779,0.753236082042127
1780,0.757949883203447
1781,0.761808628719482
1782,0.765327523156651
1783,0.770070382845943
1784,0.773775635889731
1785,0.777235785118334
1786,0.780826420451192
1787,0.784580147553942
1788,0.787681274272537
1789,0.790919431910248
1790,0.794068904903844
1791,0.796713115485943
1792,0.799279908488243
1793,0.801919424045071
1794,0.804040458580079
1795,0.806033635058508
1796,0.807948886262623
1797,0.809264225393846
1798,0.810595586764918
1799,0.811830915888224
1800,0.812438738758391
1801,0.812877527308145
1802,0.813115102842263
1803,0.813401601114476
1804,0.813224561348354
1805,0.812511132718573
1806,0.811894253948855
1807,0.811022107228861
1808,0.809899743120481
1809,0.80832012909185
1810,0.806450110161465
1811,0.804851274912337
1812,0.802900949744558
1813,0.800712025579291
1814,0.798395672005811
1815,0.795481414237974
1816,0.793346378715001
1817,0.79034964565026
1818,0.787347774491378
1819,0.784142942636687
1820,0.781135527551209
1821,0.777649520934262
1822,0.774811874869459
1823,0.771237463623826
1824,0.768443529626787
1825,0.764854913926448
1826,0.761639058312538
1827,0.758077903048987
1828,0.754965392914791
1829,0.751957078621875
1830,0.748845383275128
1831,0.745762900049961
1832,0.742930109905008
1833,0.739420926793152
1834,0.73703295995094
1835,0.733746307349761
1836,0.731208463150477
1837,0.728226607805686
1838,0.725640945240652
1839,0.723411499577426
1840,0.720910500342149
1841,0.7182815779818
1842,0.716115084420907
1843,0.714033397655581
1844,0.712384294720806
1845,0.710642445943666
1846,0.709076003537988
1847,0.707458703904764
1848,0.705928793773244
1849,0.704567331505268
1850,0.703375614384286
1851,0.702359354849889
1852,0.701305023529618
1853,0.700325610813858
1854,0.699401674650517
1855,0.698657439018691
1856,0.698043275819254
1857,0.697521643508313
1858,0.697072201243599
1859,0.69688274600502
1860,0.696553667254553
1861,0.695782727553136
1862,0.695764393017414
1863,0.695815594773027
1864,0.695737405917408
1865,0.695782569217113
1866,0.695488634558388
1867,0.695660960912948
1868,0.695511132210285
1869,0.695292348070617
1870,0.695329459796986
1871,0.695147877319154
1872,0.695010432879039
1873,0.69503279862554
1874,0.694502752064167
1875,0.694652944611794
1876,0.694654811894544
1877,0.694474671851164
1878,0.694214801176773
1879,0.694296774066114
1880,0.694199126860377
1881,0.694233715385578
1882,0.693963280592643
1883,0.693884096557384
1884,0.693685449898798
1885,0.693414583784424
1886,0.693036299200749
1887,0.692374243336999
1888,0.69237425689819
1889,0.691840805762766
1890,0.691100816769309
1891,0.690814862574841
1892,0.690061752421145
1893,0.689165023925233
1894,0.688587389546206
1895,0.688004881135807
1896,0.687319920835287
1897,0.686361778491567
1898,0.685473696757717
1899,0.684743740049044
1900,0.683530076983623
1901,0.682702431812126
1902,0.681295653905864
1903,0.680371174240313
1904,0.679307330152585
1905,0.677879056217465
1906,0.676638119107736
1907,0.675458494959524
1908,0.674471083899263
1909,0.674519533383234
1910,0.672297556752381
1911,0.671333457222468
1912,0.670159108006861
1913,0.669025612095104
1914,0.667847985234247
1915,0.666775884931857
1916,0.665826732363184
1917,0.664918055848781
1918,0.664061388281045
1919,0.663210698475584
1920,0.66214147761481
1921,0.660521663997057
1922,0.660167859357212
1923,0.659803087220949
1924,0.65911438377328
1925,0.658677031875384
1926,0.658145958497191
1927,0.657733230942102
1928,0.657220221972464
1929,0.65692704887231
1930,0.65673050362356
1931,0.656491040734223
1932,0.656663528712445
1933,0.656393303823925
1934,0.656410437505546
1935,0.656561309890056
1936,0.656844376123837
1937,0.65711018393448
1938,0.657664146763957
1939,0.658215313721244
1940,0.658765680744943
1941,0.659359158849778
1942,0.659956949647186
1943,0.660965582541731
1944,0.661804538286225
1945,0.662590841308396
1946,0.663815327116143
1947,0.664810012114017
1948,0.666035519050936
1949,0.66708769186986
1950,0.668554651185853
1951,0.669398453698298
1952,0.671597266459736
1953,0.672607250982309
1954,0.673790434099405
1955,0.67569237738992
1956,0.67741835199776
1957,0.678901991098524
1958,0.679960573158355
1959,0.682777270389123
1960,0.684002695914807
1961,0.685678737957543
1962,0.687486898640982
1963,0.689358050697678
1964,0.691052370457246
1965,0.692718950972228
1966,0.694705715941061
1967,0.696540720165466
1968,0.697939444712958
1969,0.699772055530166
1970,0.701468098794028
1971,0.703267075167847
1972,0.704663559652225
1973,0.706397625063616
1974,0.707911980393553
1975,0.709616032499923
1976,0.710735235073757
1977,0.712013258833221
1978,0.714050847007298
1979,0.714953960208957
1980,0.715486988544961
1981,0.717459074313799
1982,0.718133915753502
1983,0.71891196640286
1984,0.719607611401061
1985,0.720574213258845
1986,0.721114116108357
1987,0.721367145170754
1988,0.722180463418077
1989,0.722016556980992
1990,0.722267650668626
1991,0.72272174800205
1992,0.721942174051915
1993,0.721761093185391
1994,0.721674821214435
1995,0.721223392773591
1996,0.720658162598329
1997,0.719880662508898
1998,0.719162700669426
1999,0.718497648498138
2000,0.71649750745876
2001,0.715368210855454
2002,0.71398333171229
2003,0.712620458787197
2004,0.711433791914021
2005,0.709621612147758
2006,0.708203174656268
2007,0.706219327741402
2008,0.70421551161188
2009,0.702510269646847
2010,0.700570795156619
2011,0.698438582545302
2012,0.696264268118429
2013,0.693748555204188
2014,0.691824125608954
2015,0.690084401598675
2016,0.687279554126623
2017,0.684631967073723
2018,0.682776006020396
2019,0.680182580457428
2020,0.677759619896333
2021,0.67521741352914
2022,0.673028025690872
2023,0.670467906272811
2024,0.667962521673138
2025,0.665855465951188
2026,0.663231556394027
2027,0.661151843697578
2028,0.658797287340079
2029,0.656397857085017
2030,0.654342349432609
2031,0.652123393024813
2032,0.650006489106692
2033,0.648012581234904
2034,0.645921298801002
2035,0.644084834694827
2036,0.642088299845036
2037,0.640206911023936
2038,0.638629580351653
2039,0.636848602857609
2040,0.635155500865574
2041,0.634139774648792
2042,0.632409842584293
2043,0.631033164497183
2044,0.629851059128329
2045,0.628635004105409
2046,0.627575637308881
2047,0.626429363925403
2048,0.625467895238439
2049,0.624714194107296
2050,0.623796245724944
2051,0.623014360434504
2052,0.622479607157761
2053,0.621820031872302
2054,0.621542957244477
2055,0.620990456675808
2056,0.620513780159795
2057,0.620772447183053
2058,0.620310178024512
2059,0.620323575238028
2060,0.620215297255893
2061,0.620571584103591
2062,0.620524951992506
2063,0.620548755307116
2064,0.621413202628223
2065,0.621200720960455
2066,0.621540043908316
2067,0.622168770068308
2068,0.622587644944255
2069,0.623073146306196
2070,0.623584847340855
2071,0.624210188974095
2072,0.624777291233147
2073,0.625784681862832
2074,0.626259124594038
2075,0.626867094579334
2076,0.628110659164993
2077,0.628775968318228
2078,0.629199804805855
2079,0.630501195209758
2080,0.631564130850413
2081,0.632085971891281
2082,0.632617078747965
2083,0.63437915040448
2084,0.634794041105519
2085,0.63544286385062
2086,0.636919442707977
2087,0.637475718718973
2088,0.638365583005252
2089,0.639118849441319
2090,0.640245405243931
2091,0.640890964123466
2092,0.641540580881577
2093,0.642498278746279
2094,0.643056484059824
2095,0.643828113285851
2096,0.644608025950424
2097,0.645101643833099
2098,0.645815601953975
2099,0.646219506913439
2100,0.646828986784421
2101,0.647274684215586
2102,0.647750424315323
2103,0.647734136627581
2104,0.648660876846079
2105,0.648667633667902
2106,0.648467196294785
2107,0.649340201392442
2108,0.649342010775106
2109,0.64885389712251
2110,0.648898810038155
2111,0.649467257517986
2112,0.64893819704799
2113,0.648646048649349
2114,0.648507631897541
2115,0.648178644429215
2116,0.647616382343214
2117,0.647224897954161
2118,0.646632067920473
2119,0.646341744290841
2120,0.645322531056905
2121,0.644834686977961
2122,0.644275484613906
2123,0.643397082934243
2124,0.642206436785133
2125,0.641893820953848
2126,0.640811008114879
2127,0.639789424311511
2128,0.638349337623725
2129,0.637991392703611
2130,0.636658968951167
2131,0.63503421947416
2132,0.634541063157532
2133,0.633140112216897
2134,0.631895370705441
2135,0.630582197252932
2136,0.629204632496707
2137,0.627902379097678
2138,0.626677042041138
2139,0.625356438395867
2140,0.624056363774491
2141,0.623041287282626
2142,0.621279262788829
2143,0.620002704816879
2144,0.618686772416326
2145,0.61761774494711
2146,0.615875543669035
2147,0.614703184111701
2148,0.613902835092797
2149,0.612001071399909
2150,0.610925862156918
2151,0.609960159319992
2152,0.608881292414356
2153,0.607040531434329
2154,0.606270075314128
2155,0.605576324533988
2156,0.604060753998462
2157,0.603212266991413
2158,0.602161434040873
2159,0.601239815132786
2160,0.600361571062114
2161,0.599431745754663
2162,0.598562075715411
2163,0.597920201876901
2164,0.597294583852928
2165,0.596482279380917
2166,0.595881455861985
2167,0.595319021378558
2168,0.59466521737769
2169,0.594210531546501
2170,0.593706230548832
2171,0.593303813804897
2172,0.592919891151554
2173,0.59271793494426
2174,0.592427009325406
2175,0.591966422808505
2176,0.591611489247102
2177,0.591645126737079
2178,0.591345296028368
2179,0.591309717494464
2180,0.590946025191061
2181,0.590800486706368
2182,0.59061127264311
2183,0.590567032170909
2184,0.590237359821117
2185,0.59003912067354
2186,0.589941352247227
2187,0.589372875309765
2188,0.589311962151922
2189,0.58860714185195
2190,0.588219606773089
2191,0.587824126842377
2192,0.587237337403245
2193,0.586759653291672
2194,0.586178399648371
2195,0.585620980284316
2196,0.58495855261695
2197,0.584199999853398
2198,0.58358655422614
2199,0.583155954696818
2200,0.582475623105904
2201,0.582236548088857
2202,0.58158852887494
2203,0.581652932781814
2204,0.581155252737129
2205,0.581267399027532
2206,0.580992086222922
2207,0.581500140718185
2208,0.582036180493039
2209,0.582616883276004
2210,0.583326697451098
2211,0.584086182889279
2212,0.584891038012088
2213,0.586071344862793
2214,0.587166418623705
2215,0.588522794252117
2216,0.589761599013634
2217,0.59119187290662
2218,0.59263643982658
2219,0.594242989605758
2220,0.595818765269222
2221,0.597393228478961
2222,0.598820912627223
2223,0.600179741606946
2224,0.601490426761705
2225,0.60334178156336
2226,0.604600963822286
2227,0.605991217631089
2228,0.607190708376513
2229,0.608454124309892
2230,0.609612197360478
2231,0.610584698587524
2232,0.611612744464206
2233,0.612540145401146
2234,0.613381231402106
2235,0.614136132201658
2236,0.614725354028429
2237,0.615369897240778
2238,0.616036726417913
2239,0.616486364979251
2240,0.616954849075226
2241,0.617280371381121
2242,0.617694603859475
2243,0.617971847697639
2244,0.618168623493869
2245,0.61832107702485
2246,0.61851674772871
2247,0.618713596613656
2248,0.618614441319792
2249,0.618572446947344
2250,0.61841460777941
2251,0.618311794188575
2252,0.618243988813813
2253,0.617997298416607
2254,0.617866378964567
2255,0.617511075471151
2256,0.617382190254408
2257,0.617004972997129
2258,0.616659363852674
2259,0.616214951315781
2260,0.615762444045775
2261,0.615324311475408
2262,0.614737449125756
2263,0.614259981161067
2264,0.613595386797196
2265,0.613018743148494
2266,0.612437822422187
2267,0.611722300641904
2268,0.611012767015024
2269,0.610309596318368
2270,0.609296174486276
2271,0.608914844810078
2272,0.608078356178264
2273,0.607112965921483
2274,0.606290844735366
2275,0.605421783892762
2276,0.604559565562138
2277,0.603937524544915
2278,0.603000947466059
2279,0.602092872813521
2280,0.601285869830971
2281,0.600353463138377
2282,0.59959610876452
2283,0.598714984116662
2284,0.597847234033789
2285,0.597024026246614
2286,0.596146857898941
2287,0.595206618783985
2288,0.594321037696561
2289,0.593591299225625
2290,0.592953597877689
2291,0.592038845687075
2292,0.591294297494909
2293,0.590522009056399
2294,0.589890378742065
2295,0.589217945088215
2296,0.588483485612475
2297,0.587681178305679
2298,0.587123675193561
2299,0.586605113174948
2300,0.585994513070142
2301,0.585576940829037
2302,0.58475087461908
2303,0.584485697930149
2304,0.584120564143171
2305,0.583716705257015
2306,0.583292553451831
2307,0.582973671119012
2308,0.58285815630351
2309,0.582440392792019
2310,0.582188440420714
2311,0.581916508590979
2312,0.581840812266986
2313,0.581624097350671
2314,0.581561044261777
2315,0.5813657457186
2316,0.581344841762644
2317,0.581401423172974
2318,0.581526856502605
2319,0.581518030382726
2320,0.581670104252981
2321,0.58167429372398
2322,0.582200288529652
2323,0.582095474167062
2324,0.582248755715395
2325,0.582462735615468
2326,0.583001951154187
2327,0.583624358272457
2328,0.58383658547998
2329,0.58433450077221
2330,0.584684575081921
2331,0.585300059224113
2332,0.585521054593173
2333,0.58632532083928
2334,0.586761743819059
2335,0.58803472871774
2336,0.588105012589727
2337,0.588685346921177
2338,0.589349473464971
2339,0.590226717591555
2340,0.590885289158057
2341,0.591491975753485
2342,0.592192701731759
2343,0.592936556751981
2344,0.593644568307571
2345,0.594409000250672
2346,0.595327878527713
2347,0.596204032614107
2348,0.596851833606747
2349,0.597667777143515
2350,0.598566932903748
2351,0.599451825586509
2352,0.600250702071144
2353,0.601267465565705
2354,0.602027939434487
2355,0.603177836639988
2356,0.60374470932318
2357,0.604639336612749
2358,0.6055786513078
2359,0.606489639389176
2360,0.607374659705858
2361,0.608182404960704
2362,0.609111760072715
2363,0.609821274317244
2364,0.610701842649276
2365,0.611628503441847
2366,0.61231810439909
2367,0.612896428656918
2368,0.613771454520379
2369,0.614530411609063
2370,0.61503696828985
2371,0.615930643895693
2372,0.616621370861937
2373,0.617159592808466
2374,0.617851644427804
2375,0.618495186835471
2376,0.619092038433952
2377,0.61958006351947
2378,0.62027725245899
2379,0.620703667005025
2380,0.621305859891369
2381,0.621519543130582
2382,0.62213509514606
2383,0.622367110712541
2384,0.623083912696429
2385,0.622910097477438
2386,0.623314972942696
2387,0.623637432724055
2388,0.623765018844386
2389,0.624142744740259
2390,0.62409382823449
2391,0.62433491843726
2392,0.624432528833766
2393,0.624405572365426
2394,0.624698579070328
2395,0.624279990412256
2396,0.624532971756384
2397,0.624009034454913
2398,0.62400277144678
2399,0.623728581844699
2400,0.62334449411462
2401,0.623397608086179
2402,0.623063870196899
2403,0.622715298910061
2404,0.622466619361027
2405,0.621861612220317
2406,0.621886709460401
2407,0.62125934538956
2408,0.620791597530772
2409,0.620395733282592
2410,0.619651905716085
2411,0.619151928035253
2412,0.618729347567454
2413,0.618016482674435
2414,0.617674051907863
2415,0.616475039955096
2416,0.616336020078852
2417,0.615336884161104
2418,0.614770277793272
2419,0.614093626460921
2420,0.613290271090084
2421,0.612787429168448
2422,0.612049223071469
2423,0.611145156603646
2424,0.61050968442721
2425,0.60965879752072
2426,0.609043627691509
2427,0.608194650700276
2428,0.60740204228249
2429,0.606654736208819
2430,0.605965522009932
2431,0.605313390696246
2432,0.604424798303688
2433,0.603781892729084
2434,0.603182005913444
2435,0.602353734312937
2436,0.601802738656277
2437,0.600869008163147
2438,0.600205418162455
2439,0.599530273484965
2440,0.598937404890866
2441,0.598432608500606
2442,0.597403933509619
2443,0.597010924034026
2444,0.596056216780597
2445,0.595784615034807
2446,0.595162668905674
2447,0.594524519671019
2448,0.593986756475987
2449,0.59331757682998
2450,0.593151725527718
2451,0.59248905990863
2452,0.59201149795797
2453,0.591759398434034
2454,0.591268191771048
2455,0.590834804773869
2456,0.590510379251119
2457,0.589958784168897
2458,0.589875412581749
2459,0.589603081251872
2460,0.589450854715956
2461,0.589165374783465
2462,0.588897126496917
2463,0.589016858321513
2464,0.588698252256916
2465,0.588615914685107
2466,0.588520543477799
2467,0.588565929359176
2468,0.588450401787022
2469,0.588514966165486
2470,0.588391321001987
2471,0.588514541654082
2472,0.588547009668623
2473,0.588777137830025
2474,0.588651530917795
2475,0.589005994936897
2476,0.589222805795935
2477,0.589354302067807
2478,0.58964438179592
2479,0.589908319896939
2480,0.590171049906332
2481,0.590503048021491
2482,0.590824672616209
2483,0.591074960409256
2484,0.591471772264744
2485,0.591661381451111
2486,0.592177586493923
2487,0.592647372759211
2488,0.592885482559358
2489,0.593441911451121
2490,0.593849736495802
2491,0.594321833265006
2492,0.594977686949378
2493,0.5952064633624
2494,0.596049648911461
2495,0.596415779622337
2496,0.597053622954789
2497,0.597598407713758
2498,0.59820281982708
2499,0.598840704499676
2500,0.599639938977798
