250,0.257474818290066
251,0.252935457750564
252,0.264528275143349
253,0.256029452665945
254,0.262509893546122
255,0.256306892731764
256,0.242973199391129
257,0.245201839084966
258,0.237732177175236
259,0.232876231069724
260,0.226133026658921
261,0.223177373477805
262,0.219302636351111
263,0.203298810027867
264,0.18463615818236
265,0.168349732517543
266,0.152958183757601
267,0.135998449948791
268,0.119221861214969
269,0.099850643963503
270,0.0860508449861916
271,0.0696357075578625
272,0.0767929697492626
273,0.09438242702499
274,0.121283909803755
275,0.162308774846973
276,0.215544968817338
277,0.281414527206251
278,0.345873203622218
279,0.420886477733165
280,0.476572878951556
281,0.525913979273609
282,0.554851930185134
283,0.572812099017867
284,0.56651872495893
285,0.529544793448434
286,0.491390165932869
287,0.445220433857285
288,0.442051764713072
289,0.468125925416928
290,0.517998608126828
291,0.552832717732842
292,0.548606796549217
293,0.507430057314497
294,0.463969414010973
295,0.424513742593113
296,0.423404347351738
297,0.457352235815637
298,0.531213532819711
299,0.598056693803086
300,0.676216100582918
301,0.74240398158515
302,0.805170427625684
303,0.851547612105589
304,0.889644446546112
305,0.909723593954714
306,0.919738580098605
307,0.907629034092869
308,0.89521427464698
309,0.877328570927024
310,0.864157251749085
311,0.850266514872008
312,0.85686660229136
313,0.833126183347824
314,0.802541715971517
315,0.771126547660276
316,0.742458754942249
317,0.693409349769332
318,0.680658860022133
319,0.67595424153171
320,0.662430640021066
321,0.661954709510404
322,0.640366605227871
323,0.607563691992022
324,0.572370501876649
325,0.537286061427334
326,0.530050110029846
327,0.576895355061313
328,0.638707671744818
329,0.720280175446136
330,0.799532237773364
331,0.865224358829145
332,0.912538541103381
333,0.950026963290718
334,0.968492259643728
335,0.977675231991415
336,0.975747043066159
337,0.975489781503899
338,0.965591651734269
339,0.97997888742782
340,0.971807418074435
341,0.965959990608033
342,0.975397573008154
343,0.976697077343088
344,0.96792886602178
345,0.965807436675845
346,0.960314957407566
347,0.96568426069385
348,0.959799676451669
349,0.956065797828162
350,0.937677675255997
351,0.918027235274791
352,0.893100870649549
353,0.891311748261572
354,0.876431413084221
355,0.871912348163913
356,0.866233791372403
357,0.856578752076718
358,0.840278522577734
359,0.816583123098995
360,0.807401952360138
361,0.796196128353849
362,0.786170747732721
363,0.785758834954522
364,0.780291525437395
365,0.774927307390558
366,0.771266255175991
367,0.777626012179336
368,0.789489524360636
369,0.804372808023915
370,0.822360992021449
371,0.839317492012598
372,0.853513929895047
373,0.861404422086564
374,0.869929738587446
375,0.878292477131415
376,0.88386867669178
377,0.894451668101537
378,0.899522354597753
379,0.912023427973616
380,0.920437722832638
381,0.929033561820899
382,0.940550152753258
383,0.946104356458316
384,0.955366424061211
385,0.961096274022593
386,0.964881539520278
387,0.966909101751207
388,0.970838804059277
389,0.972382944332826
390,0.97329921650071
391,0.975138359954827
392,0.974720182560309
393,0.976200662308086
394,0.976352307619336
395,0.976046862571359
396,0.97865562654969
397,0.977755900439725
398,0.979105688196638
399,0.979485229052232
400,0.977684468572454
401,0.978080473449062
402,0.979261030028845
403,0.978007797005871
404,0.979704752500475
405,0.981515451439246
406,0.981217946269339
407,0.983486061508746
408,0.982922549333265
409,0.982647659576691
410,0.984479934303817
411,0.983326143345481
412,0.984482507441994
413,0.98511166108373
414,0.984893779030744
415,0.98578241436685
416,0.985788725779637
417,0.986742643435202
418,0.985479344847727
419,0.985633613925671
420,0.985072256375285
421,0.985086467660369
422,0.985589942813054
423,0.985958053329094
424,0.987610378981004
425,0.988710973425056
426,0.989908657414125
427,0.990819829394759
428,0.991116910264834
429,0.991172012303906
430,0.991383305376721
431,0.990782308542429
432,0.990425881436581
433,0.990051436841527
434,0.989245786276856
435,0.989615824624249
436,0.989655664246348
437,0.989054282020063
438,0.99021254123989
439,0.990441988598779
440,0.991177200097934
441,0.991988272150821
442,0.992988932399466
443,0.993507565643138
444,0.993515654832346
445,0.993720904563864
446,0.994027562364924
447,0.994163388562126
448,0.994075662074286
449,0.994123022701072
450,0.994660086879129
451,0.994666792493581
452,0.995673222351553
453,0.995886224388749
454,0.995387910927269
455,0.995458472358871
456,0.995158688715267
457,0.994846495815086
458,0.99490599490826
459,0.995595083506214
460,0.995903791996699
461,0.996046756190713
462,0.995940560527186
463,0.995523659375429
464,0.995331230315465
465,0.994579636818107
466,0.994564400224028
467,0.994530251731716
468,0.995333475504211
469,0.996106276511933
470,0.996669215941774
471,0.996392688417876
472,0.99628656504556
473,0.995854325972137
474,0.995267141465758
475,0.994937553213522
476,0.995028363601165
477,0.995027025548863
478,0.99533726951146
479,0.995886244047961
480,0.995736994307349
481,0.995299959351315
482,0.995515843384206
483,0.995428477691521
484,0.995395451288365
485,0.99576464408089
486,0.99567821909021
487,0.996225575670879
488,0.996075596451103
489,0.996166030768247
490,0.995858212796856
491,0.99643850953597
492,0.99656557818052
493,0.995851853147868
494,0.995867607690921
495,0.995648148427091
496,0.994746417351904
497,0.994143695429054
498,0.99342172175174
499,0.993106491178666
500,0.993310402395285
501,0.993791876556639
502,0.994369793557655
503,0.995032208429578
504,0.99597431805082
505,0.996789992879185
506,0.997572425838874
507,0.997751619584043
508,0.997357809403403
509,0.997041894033835
510,0.996797369428368
511,0.996733882143425
512,0.996414027626168
513,0.996070128745515
514,0.995899078808733
515,0.995871763299573
516,0.996351549621271
517,0.996236360067837
518,0.996556320215899
519,0.996573468146147
520,0.996766004626444
521,0.996844442660349
522,0.996906681074186
523,0.996926459274371
524,0.997214008078304
525,0.9975631203154
526,0.998020101284654
527,0.998373886112149
528,0.998752792496185
529,0.998426736808516
530,0.998222717960068
531,0.997821187312161
532,0.997290268170299
533,0.996651226283047
534,0.996238140569628
535,0.996106139523972
536,0.996323545047786
537,0.996787748275737
538,0.997463412064001
539,0.997804294761531
540,0.998321827623734
541,0.998754477032055
542,0.999115865089008
543,0.998854570065336
544,0.998622737691308
545,0.997828553664158
546,0.997105646427926
547,0.99621801659331
548,0.995033990091192
549,0.994151067898317
550,0.99389738205683
551,0.994228768595166
552,0.994900658600078
553,0.996275533167554
554,0.997211796862204
555,0.997999721640577
556,0.998500296599717
557,0.998521057309963
558,0.998315947646967
559,0.997729260600859
560,0.997341474755783
561,0.997048756538126
562,0.996945805183292
563,0.996518133596144
564,0.99685802077574
565,0.997355448817208
566,0.997972673402146
567,0.998032402659309
568,0.997927186924516
569,0.997604895707181
570,0.997071884693363
571,0.996688191466249
572,0.995454575730389
573,0.994929868608721
574,0.994369528791577
575,0.994244623601455
576,0.994491676250384
577,0.994797198009842
578,0.995551311019815
579,0.996627784913604
580,0.996959034372762
581,0.997142968283655
582,0.997313191128226
583,0.997193394577293
584,0.996799551373323
585,0.99618625540994
586,0.996052673710918
587,0.99618572177155
588,0.996075502207718
589,0.995398728848862
590,0.99564696690353
591,0.995874830993069
592,0.996442853804594
593,0.996570577959523
594,0.997420986658473
595,0.998056091184676
596,0.998200858520601
597,0.99844125091085
598,0.998331129794657
599,0.998465476391839
600,0.998561637643888
601,0.998368931695266
602,0.998752228412242
603,0.998815980953719
604,0.998935473050405
605,0.99913872937194
606,0.998906507442841
607,0.99904890300655
608,0.999250626657718
609,0.999335581769612
610,0.999189276401015
611,0.999360855238915
612,0.999305219946251
613,0.999651307665564
614,0.999520134463207
615,0.999595745399326
616,0.999405655336481
617,0.999626590893289
618,0.999262894092941
619,0.999416039110506
620,0.999460534252544
621,0.999372111158028
622,0.999182415758286
623,0.999158619415828
624,0.999106189709614
625,0.999411287322755
626,0.998807716975416
627,0.999209112410033
628,0.999039202221808
629,0.998908393352933
630,0.998702038352924
631,0.998344548965183
632,0.996744600195901
633,0.993469944450636
634,0.987352497405047
635,0.978429456521582
636,0.967284513127974
637,0.956087479623013
638,0.944138805112801
639,0.931579811855018
640,0.91736805895472
641,0.899925665870418
642,0.879830357145183
643,0.858811871936155
644,0.837811999346777
645,0.818483962950885
646,0.799274900205585
647,0.778422068141419
648,0.754968083035471
649,0.728835693590588
650,0.702217218031486
651,0.676941403423077
652,0.654502278756833
653,0.635214327785337
654,0.617920676710115
655,0.602450033172443
656,0.588064180988435
657,0.573352844615308
658,0.558338764147545
659,0.542831224567336
660,0.525347716122512
661,0.505736830856493
662,0.48311997958828
663,0.456297057390812
664,0.425095111619468
665,0.388714527112543
666,0.348228994220428
667,0.304937350300432
668,0.261434564178501
669,0.219975676921422
670,0.182449624933273
671,0.150749708135025
672,0.125210702711634
673,0.104978784432306
674,0.089625057416819
675,0.0778675690170211
676,0.0678561505120775
677,0.0594040350225339
678,0.0516549598836189
679,0.0452095484554368
680,0.0403098199083338
681,0.0371249030959873
682,0.0351913433671784
683,0.0330496154708198
684,0.0315194725929796
685,0.0289844295265211
686,0.0269824629267726
687,0.0252431170233864
688,0.0239505829694491
689,0.0224333837815848
690,0.0224286501323588
691,0.0220027031631602
692,0.0218464437562697
693,0.021351845879463
694,0.0214251875168455
695,0.0214737088188477
696,0.0212942428993417
697,0.0218096312734383
698,0.0226821954533894
699,0.0234890777326945
700,0.0248113479170663
701,0.0257574828129023
702,0.0265586603015404
703,0.027504308233313
704,0.0278937954282646
705,0.0286792139204957
706,0.0297380354636053
707,0.0304958262580204
708,0.0308628728145262
709,0.031193321843872
710,0.0314720972897829
711,0.0310643345625806
712,0.0307087594783502
713,0.0298471947264411
714,0.029653100679087
715,0.0289099924185917
716,0.0289511285168235
717,0.0290253788549827
718,0.029281606860135
719,0.0295982169597034
720,0.0303590307719201
721,0.0297118473977607
722,0.0299349116893766
723,0.0299290882380863
724,0.0294054303018814
725,0.0293483244788099
726,0.0285101160161234
727,0.0278149858349078
728,0.0270902755494525
729,0.0267750460461347
730,0.0264653785464213
731,0.0264409661998637
732,0.0260880122354213
733,0.0257316388370821
734,0.0254984287507322
735,0.0250043067740458
736,0.024874091133663
737,0.0246119824993062
738,0.0245251114000974
739,0.0252922507750414
740,0.0254427005917053
741,0.0256675244486105
742,0.0262694620311529
743,0.0268272055237712
744,0.027716326524125
745,0.0278845706796266
746,0.028162267801951
747,0.0283858294918914
748,0.0290788988802658
749,0.0290348627748736
750,0.0289587603436392
751,0.0290732473109142
752,0.0293684880619811
753,0.0293258996802501
754,0.0292440343428945
755,0.0285385911424907
756,0.0280390404638526
757,0.0267883210986558
758,0.0258950845571785
759,0.0246942656717381
760,0.0236060577971699
761,0.0227148156293561
762,0.0220945822255225
763,0.021827908992269
764,0.0217295788537277
765,0.0225162251046044
766,0.0229033012544945
767,0.0237470834518159
768,0.0247655426239798
769,0.0254396959292763
770,0.026134417556146
771,0.0267146952216007
772,0.0267523632002447
773,0.0267301378915332
774,0.0265139093975576
775,0.0265108228432668
776,0.0268043685321452
777,0.0267096667170253
778,0.0264233785499494
779,0.0269971621039592
780,0.0274332347698119
781,0.0279195509051805
782,0.0281300040529943
783,0.0285211507317699
784,0.028322678350895
785,0.0279262592730644
786,0.0276514341497241
787,0.0272374407004117
788,0.0268058440735273
789,0.0258986566408687
790,0.0249782010375659
791,0.02502092759624
792,0.024796299853216
793,0.0246195024656993
794,0.0248560362117981
795,0.0252441805209727
796,0.0256335866738156
797,0.0262039653704441
798,0.026926394014828
799,0.0273978221528236
800,0.0276420182036098
801,0.0274560926389191
802,0.0277089994282871
803,0.0275264567081185
804,0.0274972939141145
805,0.0273723720956361
806,0.0273723096315879
807,0.0270608703040774
808,0.0275805594261123
809,0.0276453075891234
810,0.0280938018472807
811,0.0279897425110336
812,0.0284116658509418
813,0.0283816204513145
814,0.0284675968490854
815,0.0282868639584419
816,0.0280830958623189
817,0.0272481384324955
818,0.0267510706576401
819,0.0261409308320748
820,0.0256088250680625
821,0.0251747345571519
822,0.0245399596175092
823,0.0246293650826464
824,0.0246420660727296
825,0.024489926270433
826,0.0249505647348693
827,0.0256019304810456
828,0.0260581687187558
829,0.026681871811585
830,0.0269637104024896
831,0.0274423182935082
832,0.0276382424667504
833,0.0276333766287153
834,0.0275357832648795
835,0.0266903260902162
836,0.0264075571132916
837,0.0258759408646758
838,0.0250665283663222
839,0.0248596312417268
840,0.0245601136597967
841,0.0241725701861365
842,0.023956568170771
843,0.0239107929981468
844,0.0237522598979868
845,0.0237575222241061
846,0.0239750371195906
847,0.0238882575008031
848,0.024119888706381
849,0.023717074791371
850,0.0236342263768362
851,0.0235058043373564
852,0.0232736668797627
853,0.0228816547650276
854,0.0225159437567054
855,0.0221712902568183
856,0.021869822286954
857,0.0217069899236862
858,0.0215075051763425
859,0.0215421103716859
860,0.021398545293565
861,0.0214813756458441
862,0.0214386535682474
863,0.0216036832471165
864,0.021612678438988
865,0.0215374682329663
866,0.0214814734951998
867,0.0214284271199487
868,0.0213311551578197
869,0.0210497017500252
870,0.0209555563796521
871,0.0207162713060112
872,0.0206836245435204
873,0.0207525333046621
874,0.0208718385683661
875,0.0210735250401719
876,0.0215934664886333
877,0.0219396155181578
878,0.0223962013472288
879,0.0230165466356392
880,0.0235471411889833
881,0.024014873075635
882,0.0244042778505372
883,0.0247374623589868
884,0.0247957108443065
885,0.0248115187796445
886,0.0246253177355324
887,0.0242894775892147
888,0.0238756688763329
889,0.0233939524944028
890,0.0228405183813114
891,0.0223441087502345
892,0.021908390020242
893,0.0215913282211873
894,0.0213687514693381
895,0.0213778653094731
896,0.0214561976517743
897,0.0216884088951927
898,0.0220858843566162
899,0.0224997671686021
900,0.0229493423469338
901,0.0234138069306788
902,0.0238289351126925
903,0.0241794452293593
904,0.0244093207339937
905,0.0245362146247607
906,0.0245129522421461
907,0.0243794385980751
908,0.0241374065563355
909,0.0238511554145221
910,0.0235488235814078
911,0.0232710141582692
912,0.0230555559423919
913,0.0229020063795962
914,0.0229223577852703
915,0.0230447540251754
916,0.0233306559395963
917,0.0237319996221704
918,0.0242726228758552
919,0.0248602999198812
920,0.0255047050458217
921,0.026172844958498
922,0.0267601069562419
923,0.0273028722140834
924,0.0277237235957338
925,0.0279759218763539
926,0.0281126436453608
927,0.028056811598648
928,0.0278535488756111
929,0.0275541285120947
930,0.027113193272475
931,0.0266386940451058
932,0.0261393648748322
933,0.0256510965251032
934,0.0252525905606392
935,0.0249310987141148
936,0.0247419121364534
937,0.0246997035973273
938,0.0248016384157093
939,0.0250707259669634
940,0.0254644841302261
941,0.0259453487471032
942,0.0265147925612769
943,0.0271575711223733
944,0.0277207972846862
945,0.0282937787680343
946,0.0287395345539207
947,0.0290891252625723
948,0.0293056569023632
949,0.029351830512522
950,0.0292475742611886
951,0.0289775529127126
952,0.0285840557588119
953,0.0281020983387707
954,0.0275159454358849
955,0.0268773886023947
956,0.0262213844236724
957,0.0256373060600814
958,0.0250689303714199
959,0.0245777788805469
960,0.0242168274981504
961,0.0239339353747447
962,0.0237713430310017
963,0.0237352426413745
964,0.0237755963005609
965,0.0238935549910374
966,0.0240524339136903
967,0.0242304645221503
968,0.024427392112264
969,0.0245684562079546
970,0.0246692748350411
971,0.0246911726816866
972,0.0246350993513409
973,0.0245001856265087
974,0.024281300724939
975,0.0239751384643816
976,0.0236362282955203
977,0.0232398382500929
978,0.022839166067081
979,0.0224441493688537
980,0.0220859175124607
981,0.0217980716474643
982,0.0215871263841401
983,0.0214579346539322
984,0.0214348053877797
985,0.0215016023693896
986,0.0216837484733265
987,0.0219471673836548
988,0.0222622707117208
989,0.0226282643634598
990,0.0230365103511133
991,0.0234161333580789
992,0.0237925488570893
993,0.0241157625534715
994,0.0243650391726177
995,0.0245232450274791
996,0.0245903336035291
997,0.0245701985029378
998,0.0244569691160676
999,0.0242429968201877
1000,0.0239559807083522
1001,0.0236289400454004
1002,0.0232595472275142
1003,0.0228667804091474
1004,0.0225048740752763
1005,0.0221542480699853
1006,0.0218679373350875
1007,0.0216387560163037
1008,0.0215180863798137
1009,0.0214615528360202
1010,0.0215008484842834
1011,0.0216156823598636
1012,0.0218252724051041
1013,0.0220901149831883
1014,0.0223951186492176
1015,0.0227271539161627
1016,0.0230640175458324
1017,0.0233739914873913
1018,0.0236508550322297
1019,0.0238810408423509
1020,0.0240249574871501
1021,0.0240849661064422
1022,0.0240569838561229
1023,0.0239431358325868
1024,0.0237389341253622
1025,0.0234594367892992
1026,0.0231237756936249
1027,0.0227501417113317
1028,0.022323230222134
1029,0.0219444931022328
1030,0.021549885883636
1031,0.0212065271418209
1032,0.0209388487005753
1033,0.0207607965839397
1034,0.0206812246067734
1035,0.0206935416125955
1036,0.0208428740694044
1037,0.0211012948930803
1038,0.0214803343662152
1039,0.0219369561401261
1040,0.0225094994032023
1041,0.0231431561941895
1042,0.0238251412564255
1043,0.0245523591145753
1044,0.0252888622274429
1045,0.0260056274294595
1046,0.026686419937814
1047,0.0273369490541763
1048,0.0278987804442098
1049,0.0284052128727046
1050,0.0283471042376749
1051,0.0286861254664865
1052,0.0289145881010405
1053,0.0291077057196767
1054,0.0292691816984906
1055,0.0293988982468906
1056,0.0294058464313086
1057,0.02943684142184
1058,0.0294716417545454
1059,0.0294167082892418
1060,0.0294996738855749
1061,0.0294558476801856
1062,0.0294304501350885
1063,0.0295431269254555
1064,0.029627075223694
1065,0.0297065546676248
1066,0.0298332126186534
1067,0.0300087651212531
1068,0.0302021145765929
1069,0.0303873967130955
1070,0.0305002381899679
1071,0.0306719704373969
1072,0.0308509994120821
1073,0.0309453792612048
1074,0.0310135693000872
1075,0.0310959141464121
1076,0.0311106210279985
1077,0.0310799755405666
1078,0.0309607374382812
1079,0.0308576664035273
1080,0.0306407740902175
1081,0.0304409521484764
1082,0.0301793064843172
1083,0.029977268540059
1084,0.0296540389878938
1085,0.029403569988885
1086,0.0291115891774997
1087,0.0289329284083132
1088,0.0287759421049827
1089,0.0286227566385581
1090,0.0285268010043844
1091,0.0284868599358481
1092,0.0285546750256295
1093,0.0286963091497151
1094,0.0288488840921331
1095,0.0290551005011693
1096,0.0293725269840184
1097,0.0296535384507768
1098,0.030048742837088
1099,0.0303697852541664
1100,0.0306284903742272
1101,0.0311275382538972
1102,0.0313304259592333
1103,0.0316781898053437
1104,0.0319032262774308
1105,0.0320589352295507
1106,0.0321578214121829
1107,0.0322333027664334
1108,0.0321703419589673
1109,0.0320422237195909
1110,0.0317950974913858
1111,0.0315979290112192
1112,0.0312574833202173
1113,0.030916606185725
1114,0.0304958089551813
1115,0.0300535780944613
1116,0.0296121336223778
1117,0.0291620971411607
1118,0.0287669427382499
1119,0.0284136423954017
1120,0.0280716428562214
1121,0.0277207320711777
1122,0.0275277455732172
1123,0.0273635046340697
1124,0.027331514068949
1125,0.0272765447979117
1126,0.0274420349141588
1127,0.0275171548842694
1128,0.0277693344267816
1129,0.028063667727418
1130,0.0283840943927278
1131,0.0287565792514612
1132,0.0291537544282234
1133,0.0295529809529014
1134,0.0299825022262602
1135,0.0303588725027237
1136,0.0307214815410658
1137,0.0310825350575334
1138,0.0312833024507612
1139,0.0315662261641703
1140,0.0316044317763921
1141,0.0317626006537834
1142,0.0316866304714664
1143,0.0315732613185767
1144,0.031474056831572
1145,0.0312129756230499
1146,0.0308884914090277
1147,0.0305347041788188
1148,0.0301626460799844
1149,0.0297554431278126
1150,0.0292769160051794
1151,0.0288312913286257
1152,0.0284381747532784
1153,0.0279823958929278
1154,0.0276253948530172
1155,0.0271972262587305
1156,0.0269245011986991
1157,0.0266437483164404
1158,0.0263885951553547
1159,0.0262661828355102
1160,0.0261411346763711
1161,0.0261757527383173
1162,0.0261597976247455
1163,0.0262531995976426
1164,0.0264057956177241
1165,0.0265426232756914
1166,0.0266708774382484
1167,0.0268884823878708
1168,0.0271358963256013
1169,0.0273240198880562
1170,0.0275164869337734
1171,0.0276593367594194
1172,0.0278312063151258
1173,0.0279822564088055
1174,0.0280158109175618
1175,0.0280637055442645
1176,0.0280000937066897
1177,0.0279763582266976
1178,0.0278391394233696
1179,0.0276878557078692
1180,0.0274475543075212
1181,0.0272858203098133
1182,0.0269696937143128
1183,0.0266918179615517
1184,0.0263789715546375
1185,0.0261069536863867
1186,0.0257428890374404
1187,0.0254841393023489
1188,0.0251770581093881
1189,0.0248650584231288
1190,0.024713690316388
1191,0.0244254898300915
1192,0.0243580150968435
1193,0.0242390971925152
1194,0.0241510777330865
1195,0.0241719184127514
1196,0.0242182152543661
1197,0.0242501689665133
1198,0.0243726772222935
1199,0.0245745992219579
1200,0.0247557345875393
1201,0.0249630021731998
1202,0.025219508560264
1203,0.0254110338332054
1204,0.025693045077578
1205,0.025925569747693
1206,0.0260683794764711
1207,0.0263065752410711
1208,0.0264222247663676
1209,0.0265394374965555
1210,0.0266777263131087
1211,0.0267111141313468
1212,0.0267023933090794
1213,0.0266857774159076
1214,0.0266035559282737
1215,0.0264829715413654
1216,0.0263865918368301
1217,0.0262377635045928
1218,0.0260613833690041
1219,0.0258512517051368
1220,0.0255993079120343
1221,0.0254168979355086
1222,0.0252164947430109
1223,0.0249896528398499
1224,0.0247469392515986
1225,0.0245948981768634
1226,0.0244719127562471
1227,0.0244497721525552
1228,0.024332685980709
1229,0.0242928808470208
1230,0.0243009990444239
1231,0.0243964879125012
1232,0.024435491786485
1233,0.0246181864700331
1234,0.0248386202571201
1235,0.0250376304112765
1236,0.0252854316436111
1237,0.0256448470288029
1238,0.0258380535406146
1239,0.0261970782206274
1240,0.0264725954101319
1241,0.026802217904022
1242,0.0270864324375512
1243,0.0273828629687288
1244,0.0277378987838138
1245,0.0279530759826483
1246,0.0281765407001979
1247,0.0283678846389354
1248,0.0285323211350855
1249,0.0286141972318132
1250,0.0287075142681786
1251,0.0287382618126244
1252,0.0286874928385009
1253,0.0286802027711712
1254,0.0285112462528955
1255,0.0283426529993563
1256,0.0282230356914012
1257,0.0279805536693323
1258,0.0278825844710938
1259,0.0275821506783322
1260,0.0273080789026427
1261,0.0271192776619159
1262,0.0268678143070318
1263,0.0266137650106072
1264,0.0263527604638651
1265,0.0261608382382902
1266,0.0260791350913096
1267,0.0258881822771149
1268,0.0257504702213995
1269,0.0257113174348544
1270,0.0256275969400512
1271,0.0256237758817066
1272,0.0256500607537983
1273,0.0257578775961228
1274,0.0258112641278213
1275,0.0260145840467827
1276,0.0261206552953244
1277,0.0263178123363078
1278,0.0264956486082807
1279,0.0267658956751783
1280,0.0269121343084686
1281,0.0271468794549322
1282,0.027320183948978
1283,0.0275213583414931
1284,0.0277415384626326
1285,0.02787699382672
1286,0.0280806918417445
1287,0.0281398916335641
1288,0.0282687959605012
1289,0.0282691961168247
1290,0.0283079365891663
1291,0.0283338808111577
1292,0.0282107896179618
1293,0.0281253014265396
1294,0.0280421033131621
1295,0.0277873685291665
1296,0.0276443177724309
1297,0.0274202887683835
1298,0.0271263058351843
1299,0.0269328362290131
1300,0.0266276780390421
1301,0.0263910115733183
1302,0.0261120087319229
1303,0.0258225404243263
1304,0.02557187425112
1305,0.0253626434067286
1306,0.0251289625025354
1307,0.0249668471369822
1308,0.0247637771894053
1309,0.0246307736520076
1310,0.0245913982246665
1311,0.0245698972478172
1312,0.0245972844002367
1313,0.0246321740134208
1314,0.0247026959307932
1315,0.0248623842891557
1316,0.0251287816628297
1317,0.0253028025781984
1318,0.0255942552153589
1319,0.0259227015082836
1320,0.0262204045209726
1321,0.0266368517746103
1322,0.0270230621068248
1323,0.02736904097225
1324,0.0278364014308128
1325,0.0282150590528747
1326,0.0286352321248362
1327,0.0290270418652391
1328,0.0294640422879373
1329,0.029800137924515
1330,0.0301908161166466
1331,0.0305506455059858
1332,0.0308043267935003
1333,0.0310698520927728
1334,0.0313626028133912
1335,0.0315133151037941
1336,0.0316742026187779
1337,0.0318588927884658
1338,0.0319057169237838
1339,0.0319346741208601
1340,0.0320072618321165
1341,0.0320178956681501
1342,0.0319890583836522
1343,0.0319578829148303
1344,0.0319160774994434
1345,0.0318256598603762
1346,0.0316978424958182
1347,0.031555145169249
1348,0.0314927278061949
1349,0.0313529690443103
1350,0.0312561765418061
1351,0.0312087094740203
1352,0.0310909184754827
1353,0.0310139678613922
1354,0.0309923273875825
1355,0.0309576395470545
1356,0.0309472120796405
1357,0.0309605062385213
1358,0.0310012286738495
1359,0.031104566959801
1360,0.0311606379495264
1361,0.0312540204106418
1362,0.0314377023941676
1363,0.0315743596317496
1364,0.0318063927723405
1365,0.0319628895723484
1366,0.032187428501597
1367,0.0323524394538027
1368,0.0325419036241175
1369,0.0328102936936494
1370,0.032975834170676
1371,0.0331373684542
1372,0.0333263538114707
1373,0.0335035577404928
1374,0.0336827424406825
1375,0.0337919313127857
1376,0.0338542561343833
1377,0.0339391817244367
1378,0.0340209703046561
1379,0.0339817623363857
1380,0.0340627230804099
1381,0.0339476526167806
1382,0.0338497100918908
1383,0.0337336279283764
1384,0.0336038516173969
1385,0.0334488249771151
1386,0.0332783218966287
1387,0.0330845140987297
1388,0.0328359120454716
1389,0.0326579136104245
1390,0.0323490266100474
1391,0.032108160188695
1392,0.0318397438530674
1393,0.0315146839029887
1394,0.0312441828237808
1395,0.0309186856934068
1396,0.0306122448259524
1397,0.0302704596587822
1398,0.0300907807418617
1399,0.0298619341706487
1400,0.0296149240658802
1401,0.0293749323446958
1402,0.0291717088402694
1403,0.0290182551706182
1404,0.0289452895955028
1405,0.0288073196096337
1406,0.0287301508650149
1407,0.0287895269806787
1408,0.0287742067931288
1409,0.0287713961986224
1410,0.0288611570905217
1411,0.0290139308697598
1412,0.029044271973975
1413,0.0292961266838715
1414,0.0294615359918552
1415,0.0296045999311817
1416,0.0298656677168539
1417,0.0300835941381669
1418,0.0303452598531054
1419,0.0305906615682135
1420,0.0308215597788309
1421,0.0311588910943207
1422,0.0313286623135845
1423,0.0315784407164533
1424,0.0318329655254776
1425,0.0320054976125731
1426,0.0321672481743857
1427,0.0323279157318671
1428,0.032517282861645
1429,0.0326292183563171
1430,0.0327019870133027
1431,0.0327981531744268
1432,0.0328235578669942
1433,0.0328206413756059
1434,0.0327956816931577
1435,0.0327625050287198
1436,0.0326277868876861
1437,0.0324725171298772
1438,0.0324441736373308
1439,0.0322084618096916
1440,0.0321219953119702
1441,0.0318581170255877
1442,0.0316631610988027
1443,0.0314458955306045
1444,0.0312599525313321
1445,0.0309925615433655
1446,0.0307960953825326
1447,0.0306346968650499
1448,0.0303587401837414
1449,0.0301544828848986
1450,0.0299052054314659
1451,0.0297789107752616
1452,0.0296179922313373
1453,0.029502534624021
1454,0.029344582980243
1455,0.0292538175038247
1456,0.0291943974804545
1457,0.029168301941671
1458,0.0291576310219603
1459,0.0291885320768875
1460,0.029199776474657
1461,0.0293076223753204
1462,0.0293687351890551
1463,0.0295174209510654
1464,0.0295885721159311
1465,0.0298667982244344
1466,0.0300205706949252
1467,0.0302374425949303
1468,0.0304714819729555
1469,0.0306908627670852
1470,0.0309153342743183
1471,0.0312168581340176
1472,0.0314377480674281
1473,0.0316946521274762
1474,0.031961408772019
1475,0.0321814564486009
1476,0.0324054839107562
1477,0.0326279587953766
1478,0.0327725893065228
1479,0.0329763942150755
1480,0.0331499206509307
1481,0.0332389857159458
1482,0.0333540323015822
1483,0.0334497831940091
1484,0.0335072672716678
1485,0.0335689442621162
1486,0.0336008790311653
1487,0.0334281970059875
1488,0.0334113507475916
1489,0.0332922220315775
1490,0.0331858609618743
1491,0.0330610415275468
1492,0.0329434151741028
1493,0.0327768008243227
1494,0.0325934046809721
1495,0.0323263586364232
1496,0.0321751993712098
1497,0.0319312202231075
1498,0.0316845829235468
1499,0.0313963947168852
1500,0.0311536133150957
1501,0.030962102501792
1502,0.0306972343463235
1503,0.0304363725057698
1504,0.0302096752839816
1505,0.0300543135217069
1506,0.0298362965445811
1507,0.0296985868572686
1508,0.029543614760165
1509,0.0294044726499885
1510,0.0293389179220257
1511,0.0293042271597139
1512,0.0292831272747104
1513,0.02925615810041
1514,0.0292548847465402
1515,0.0293645014625845
1516,0.0294577564971348
1517,0.0295525888534051
1518,0.0297345993403856
1519,0.0299110993136431
1520,0.0301026895678508
1521,0.0303908100062694
1522,0.0305552848400298
1523,0.0308192274791324
1524,0.0311441410130837
1525,0.0314396743372402
1526,0.0317667488740715
1527,0.0320479301359327
1528,0.0324025044275899
1529,0.032678861259807
1530,0.0330729023801823
1531,0.0333683638208647
1532,0.0336555631731027
1533,0.0339648560569862
1534,0.034277419390771
1535,0.0345151858037291
1536,0.0347814177563547
1537,0.0350077536420074
1538,0.0352644921410942
1539,0.0354541120728996
1540,0.0356938260012368
1541,0.0357652375150108
1542,0.0359293749906848
1543,0.0360328087592455
1544,0.036144877188904
1545,0.0361675584018228
1546,0.0362103576975435
1547,0.0362210904055396
1548,0.0361961621924674
1549,0.0361531915746611
1550,0.0360718100247133
1551,0.0359960030884478
1552,0.0359029166856989
1553,0.035866254908712
1554,0.0357698244452457
1555,0.0356226836435147
1556,0.0354943294943179
1557,0.0354145572369781
1558,0.0353165525986556
1559,0.0351317333868934
1560,0.0349672162883554
1561,0.0349247893972503
1562,0.0347728452015704
1563,0.0346949542743161
1564,0.0346317706361235
1565,0.0346206947718868
1566,0.034562780811548
1567,0.034544388693075
1568,0.0345060101817843
1569,0.0345906278298683
1570,0.034652159839672
1571,0.0347415543300294
1572,0.034833577396637
1573,0.0350094021059844
1574,0.0351756647714142
1575,0.0353642542746202
1576,0.0355962599762131
1577,0.0357981569761003
1578,0.0361392315076449
1579,0.036396489482601
1580,0.0367438167145802
1581,0.0370148697939259
1582,0.0374219002248747
1583,0.0377598670380074
1584,0.0381487361403081
1585,0.0386134038350098
1586,0.0389751580841396
1587,0.0393871140023751
1588,0.0398461345064846
1589,0.0402041775071766
1590,0.040615289537491
1591,0.0410638847518078
1592,0.0414696877388441
1593,0.041849741720637
1594,0.0422142013966875
1595,0.0426165925540308
1596,0.0429690924364854
1597,0.0432795608080977
1598,0.0436003188374613
1599,0.0439270451445102
1600,0.0442328537630502
1601,0.0444467466872268
1602,0.0447200102012626
1603,0.0450197462515349
1604,0.045247535188052
1605,0.0453733494237091
1606,0.0454595955981054
1607,0.045628113026174
1608,0.0458137121429701
1609,0.0459060288380172
1610,0.0460099483852107
1611,0.0461652081814877
1612,0.0461694027484615
1613,0.0462625797535267
1614,0.0463423044287746
1615,0.0463041602576557
1616,0.0464892810876805
1617,0.0464648506226278
1618,0.0464705578060251
1619,0.0466506068452456
1620,0.0466791994926943
1621,0.0467805341320585
1622,0.0469237628972305
1623,0.0470458228534563
1624,0.0471794267409265
1625,0.0473345777448439
1626,0.0476207997427137
1627,0.047810381841602
1628,0.0480347017099956
1629,0.0484027949713407
1630,0.0487407000731958
1631,0.0490871349878632
1632,0.0494133087644869
1633,0.0499073573618069
1634,0.050379945644259
1635,0.0509085536359601
1636,0.0514014015588901
1637,0.0521135655354935
1638,0.0526859458850577
1639,0.0532851854188734
1640,0.0540537043957721
1641,0.0548377831726498
1642,0.0555482460323083
1643,0.0564756351540551
1644,0.057307712558007
1645,0.0582016731729233
1646,0.05914014327047
1647,0.0601695542384837
1648,0.0611935733522844
1649,0.0622292816782997
1650,0.0632847633175999
1651,0.0644017556520775
1652,0.0655414215281105
1653,0.0666797684237152
1654,0.0678987868889304
1655,0.0691692057017813
1656,0.0703839525574247
1657,0.071722952118941
1658,0.0730686528411848
1659,0.0744206153440965
1660,0.0759022671235821
1661,0.0772934067798534
1662,0.07867443428724
1663,0.0803961252434659
1664,0.0819629949159121
1665,0.0835394768981279
1666,0.0851627035754406
1667,0.0869578223228341
1668,0.0887399219758979
1669,0.0906074940384279
1670,0.0924867400934278
1671,0.0945142821347184
1672,0.0965679951954563
1673,0.0987466950712253
1674,0.10092057627326
1675,0.10329864067328
1676,0.105799348793682
1677,0.10825909727892
1678,0.110946383591783
1679,0.113654783141094
1680,0.116497434944721
1681,0.119536221976978
1682,0.122640849773952
1683,0.12570130809862
1684,0.129171144136275
1685,0.132681716888696
1686,0.136118680744042
1687,0.139954750898404
1688,0.143932441795693
1689,0.147826199566569
1690,0.151915221478543
1691,0.156183155766265
1692,0.160529588009506
1693,0.164923386129011
1694,0.169665534590929
1695,0.174527803710557
1696,0.179114182063509
1697,0.184121698817914
1698,0.189335702287711
1699,0.194056012116589
1700,0.199419579830252
1701,0.204948188122566
1702,0.20999478726701
1703,0.215307170682373
1704,0.220943385905263
1705,0.226075510008065
1706,0.231459987321272
1707,0.237315419939564
1708,0.242612604475249
1709,0.247879235988132
1710,0.253216226105131
1711,0.258463126834892
1712,0.264074459528313
1713,0.269179106778986
1714,0.274220393088528
1715,0.279466499059094
1716,0.284377754118275
1717,0.289314935662124
1718,0.293786060462898
1719,0.298631688804757
1720,0.303160789700355
1721,0.307353450916519
1722,0.311632724479265
1723,0.315692626093673
1724,0.319597891659373
1725,0.323230856720283
1726,0.326731994417935
1727,0.330201240905395
1728,0.333180056233833
1729,0.336194546080748
1730,0.339019331483224
1731,0.34155991769054
1732,0.343876464450796
1733,0.346119388681273
1734,0.348087435846746
1735,0.349647612243289
1736,0.351138738521946
1737,0.35252502309052
1738,0.353611806947837
1739,0.354286802762598
1740,0.355154585638548
1741,0.355590696914929
1742,0.355828663883534
1743,0.355785264670497
1744,0.355548888380136
1745,0.355172064881605
1746,0.354653408202083
1747,0.353791753086381
1748,0.352809869755573
1749,0.351600265140398
1750,0.350204365699827
1751,0.348583606103679
1752,0.346864365644405
1753,0.344893605592507
1754,0.34258611988646
1755,0.340524050059595
1756,0.338087276706878
1757,0.335135357644759
1758,0.332448228617007
1759,0.329690341153994
1760,0.326965325755079
1761,0.323179203422322
1762,0.320064888343888
1763,0.316857961192186
1764,0.313045389674985
1765,0.30938289022765
1766,0.305337830173613
1767,0.301923741372249
1768,0.297843432280864
1769,0.29383740654
1770,0.289614536037622
1771,0.285585587711991
1772,0.281444880876127
1773,0.2772099077475
1774,0.273138326719292
1775,0.268897360897051
1776,0.26451323345105
1777,0.260325991102267
1778,0.256218426630431
1779,0.251915497094324
1780,0.24774195401036
1781,0.243857429077465
1782,0.239649408154046
1783,0.235707213048856
1784,0.231987321474759
1785,0.228190494532965
1786,0.224455587968574
1787,0.221292907422719
1788,0.217920075401221
1789,0.214571748921712
1790,0.211686360738838
1791,0.208928844752084
1792,0.206211461725026
1793,0.203885462340693
1794,0.201678267104043
1795,0.199706100904194
1796,0.197742897588999
1797,0.196399006962099
1798,0.195002710603701
1799,0.194105075795174
1800,0.193141322765747
1801,0.192663507584405
1802,0.192379346255244
1803,0.192264184791904
1804,0.192574004861228
1805,0.192964842195602
1806,0.193697150758438
1807,0.194640834613541
1808,0.195831411386325
1809,0.197184055290765
1810,0.198704656057371
1811,0.200593898310647
1812,0.202689295530867
1813,0.20472797424119
1814,0.20721788002152
1815,0.209611343245526
1816,0.212286463031341
1817,0.215157383999936
1818,0.218093612080451
1819,0.221013004625431
1820,0.22418632010106
1821,0.227503480082159
1822,0.230568980157155
1823,0.233811570096206
1824,0.237271607918699
1825,0.240359186881539
1826,0.243767270374041
1827,0.247072944179027
1828,0.250201925021268
1829,0.25328780216042
1830,0.256361339034987
1831,0.259492545767356
1832,0.262553216087833
1833,0.265432120868132
1834,0.268433423692866
1835,0.271081804704183
1836,0.27400910816033
1837,0.276758188409719
1838,0.279342449385689
1839,0.281794406662335
1840,0.284142033317528
1841,0.286357139118288
1842,0.288490070902762
1843,0.290550354186261
1844,0.292427836122348
1845,0.29416373877576
1846,0.295867075418904
1847,0.297265088325902
1848,0.298691784941296
1849,0.300086337334735
1850,0.301354461906986
1851,0.302391057816747
1852,0.303501696105581
1853,0.304403470937113
1854,0.305168160640597
1855,0.305998668154619
1856,0.306668073220801
1857,0.30719523389223
1858,0.307741228586119
1859,0.308260898166438
1860,0.308702918354021
1861,0.308899592221006
1862,0.309213438058332
1863,0.309553802569586
1864,0.309727314327422
1865,0.309867411178706
1866,0.309915062261815
1867,0.309955544290601
1868,0.310028383730171
1869,0.310026718224407
1870,0.309961955707622
1871,0.309892136698129
1872,0.309859905500245
1873,0.309932690008613
1874,0.30974064374588
1875,0.309851083866136
1876,0.309864906802272
1877,0.309827168493606
1878,0.309930328213039
1879,0.310088525228619
1880,0.310183829192799
1881,0.310409786387207
1882,0.310654505832514
1883,0.31084981902606
1884,0.31112403771384
1885,0.311402307739297
1886,0.311741212072555
1887,0.312118929957517
1888,0.31268975658112
1889,0.313156200382042
1890,0.313626334110893
1891,0.314343147521739
1892,0.314923395553656
1893,0.315555580849313
1894,0.316218626695614
1895,0.317042967045953
1896,0.317906706341328
1897,0.318779163939084
1898,0.319651658973249
1899,0.320619132971927
1900,0.321407882125968
1901,0.322892427159078
1902,0.323546571105533
1903,0.324705126863361
1904,0.325645733853486
1905,0.326811640155043
1906,0.327918340426745
1907,0.328970559115762
1908,0.330118813521684
1909,0.331236285698452
1910,0.332323443037819
1911,0.333480420053072
1912,0.334595416897696
1913,0.335605501393173
1914,0.33664917921152
1915,0.337631882621753
1916,0.33871732492993
1917,0.339648890291529
1918,0.340583484355523
1919,0.341565647965259
1920,0.342387671645208
1921,0.34314542677998
1922,0.343737690928617
1923,0.344541301124195
1924,0.345070230848928
1925,0.345837278776
1926,0.346326613467229
1927,0.346722863853191
1928,0.347217403130026
1929,0.347589616640948
1930,0.347777483154388
1931,0.347966011688134
1932,0.348271098776888
1933,0.347929734023358
1934,0.347774480935655
1935,0.347792652342643
1936,0.347492228109527
1937,0.347133569659148
1938,0.34676234080285
1939,0.346368764406004
1940,0.345768417876446
1941,0.345107934459864
1942,0.344351672297925
1943,0.343559684235685
1944,0.342704003044229
1945,0.341702349472984
1946,0.340808824096075
1947,0.339709027378023
1948,0.33856420273577
1949,0.337298441021416
1950,0.336119280458493
1951,0.335125236680251
1952,0.333488029539944
1953,0.331986861492642
1954,0.330177929355055
1955,0.329062337074541
1956,0.327369191807218
1957,0.325715602092026
1958,0.323797916047196
1959,0.322518668765428
1960,0.320550640180581
1961,0.318798605863362
1962,0.317072749135477
1963,0.315330165483987
1964,0.31351742802273
1965,0.31178696949043
1966,0.309944631035839
1967,0.308302670644959
1968,0.306610927705039
1969,0.30469698077393
1970,0.303013359986072
1971,0.301441241469501
1972,0.299756300501973
1973,0.298099641415843
1974,0.296734256724533
1975,0.295189174193265
1976,0.293460391153669
1977,0.292510168844002
1978,0.290985348040505
1979,0.289682012616704
1980,0.288299932682741
1981,0.287676437517059
1982,0.286536615549546
1983,0.285572479097981
1984,0.284704338323643
1985,0.284122820441373
1986,0.283416841234619
1987,0.282876127007952
1988,0.282634336172941
1989,0.282209043962997
1990,0.282127060217802
1991,0.282266305699421
1992,0.282089536060333
1993,0.282257657423542
1994,0.282692518265132
1995,0.283130713194556
1996,0.283583411830284
1997,0.284270248125498
1998,0.28506327131581
1999,0.285891059724023
2000,0.286619832707732
2001,0.287804826979133
2002,0.289020048833473
2003,0.290254413019681
2004,0.291830631016834
2005,0.293414364259548
2006,0.295091779551553
2007,0.296644586254567
2008,0.298553805816229
2009,0.300610447528257
2010,0.302436769869067
2011,0.304343375729146
2012,0.306598877844779
2013,0.308615146889817
2014,0.311131046515465
2015,0.313131352748522
2016,0.3155017686334
2017,0.317701327137291
2018,0.320201877797757
2019,0.322480982132741
2020,0.324836814845799
2021,0.327060496494006
2022,0.329583132031529
2023,0.331967583432772
2024,0.334271209261916
2025,0.336745152420106
2026,0.338955383235648
2027,0.341291110103808
2028,0.343579664487928
2029,0.345877495235761
2030,0.34798156751625
2031,0.350050338129437
2032,0.352344816469767
2033,0.354339756567682
2034,0.356047793251181
2035,0.358247809529664
2036,0.359940523241213
2037,0.361464910050034
2038,0.363532476740543
2039,0.364960610580276
2040,0.366300328937658
2041,0.368091201696879
2042,0.369470430239226
2043,0.370721700875066
2044,0.371894022641532
2045,0.373125048215639
2046,0.374237423820482
2047,0.375278886568166
2048,0.376244153186404
2049,0.377079844468055
2050,0.377711378596542
2051,0.378383775367575
2052,0.379196081247674
2053,0.379464421612759
2054,0.379957376996779
2055,0.380291058807526
2056,0.380669726001461
2057,0.380902324272794
2058,0.380878805873385
2059,0.380976109697186
2060,0.381068286973191
2061,0.380873580644503
2062,0.380781334029375
2063,0.380482275293247
2064,0.380514413025733
2065,0.380065517550213
2066,0.379623119199079
2067,0.379257505642051
2068,0.378694559203091
2069,0.378256262349862
2070,0.377686428041793
2071,0.377089088567684
2072,0.37647658216299
2073,0.375844385794636
2074,0.374928819397459
2075,0.374247087300485
2076,0.373617943666369
2077,0.372633940324101
2078,0.371516546530879
2079,0.371208802929263
2080,0.370149155013665
2081,0.369186990115317
2082,0.368068809771911
2083,0.367595056907167
2084,0.366440845985042
2085,0.365323196657773
2086,0.364830527454105
2087,0.363699310431068
2088,0.362846889557525
2089,0.361967175827125
2090,0.361187445095299
2091,0.360394056624203
2092,0.359441093320273
2093,0.358570196203899
2094,0.357930158878456
2095,0.357223635184753
2096,0.356417296277039
2097,0.355748572098791
2098,0.355353192882605
2099,0.354528251588831
2100,0.353940325767843
2101,0.353782715941987
2102,0.352971409143693
2103,0.352492658997959
2104,0.352532671764406
2105,0.352100272602873
2106,0.351682414689095
2107,0.351429463969918
2108,0.351691608106553
2109,0.35128692614869
2110,0.351228319635324
2111,0.351477707727184
2112,0.351531003731789
2113,0.351671262365736
2114,0.351966784382184
2115,0.352074114451454
2116,0.352512550138807
2117,0.352887877177751
2118,0.353330806650388
2119,0.353993241808193
2120,0.354428963946493
2121,0.355048745805264
2122,0.355837158146325
2123,0.356477070272364
2124,0.357208710059914
2125,0.35809919236393
2126,0.358979841650778
2127,0.359823665172955
2128,0.360674880568198
2129,0.361710695850682
2130,0.362687805350154
2131,0.363493049819675
2132,0.364921200063602
2133,0.36582232018528
2134,0.36693531697298
2135,0.368011699875122
2136,0.369172757619884
2137,0.37039435813694
2138,0.371502121181525
2139,0.372619995861328
2140,0.373931082178611
2141,0.375175090428403
2142,0.376223578377251
2143,0.3774074159585
2144,0.378530665239978
2145,0.379621553822446
2146,0.380741952727619
2147,0.381844605589911
2148,0.382902682594975
2149,0.383953550380985
2150,0.385035070269851
2151,0.386064907738735
2152,0.386956055694948
2153,0.387636104084317
2154,0.388839307695853
2155,0.389759886080312
2156,0.390375537809213
2157,0.391130060918573
2158,0.391858020859777
2159,0.392650187090245
2160,0.393254982606928
2161,0.393972931585479
2162,0.394503800876985
2163,0.394974895517642
2164,0.395476511815974
2165,0.395800586328955
2166,0.396105842660906
2167,0.39638296518046
2168,0.396532691084121
2169,0.396767040035402
2170,0.396695468655838
2171,0.396688021851251
2172,0.396658974212026
2173,0.396592073547941
2174,0.396437300016869
2175,0.396097069340396
2176,0.395769428729931
2177,0.395372055627769
2178,0.39485232344154
2179,0.394314733833818
2180,0.393710017458774
2181,0.392939678962805
2182,0.392250669781827
2183,0.391451080534716
2184,0.390297154844645
2185,0.389271537217175
2186,0.388309049818157
2187,0.386843261040236
2188,0.385703253593623
2189,0.383887015139634
2190,0.382412107281508
2191,0.380680983061009
2192,0.37895878644552
2193,0.377112688621276
2194,0.375164297404781
2195,0.373262098878187
2196,0.371059555491187
2197,0.368765216296067
2198,0.366676692721411
2199,0.36438506986213
2200,0.361989459329068
2201,0.359803194384431
2202,0.3575738453044
2203,0.355236168114043
2204,0.353008461986132
2205,0.350855337956847
2206,0.34860398444068
2207,0.346678179704937
2208,0.344922905404944
2209,0.343056247689496
2210,0.341224586233209
2211,0.339699906917351
2212,0.337940394973694
2213,0.336377530149794
2214,0.33502793199186
2215,0.333652049738226
2216,0.33244514538002
2217,0.331288346358123
2218,0.330166203525232
2219,0.329006486338773
2220,0.328142511636147
2221,0.327239159633557
2222,0.326223493167192
2223,0.325350221963689
2224,0.324481661088913
2225,0.323857306616778
2226,0.323135624749002
2227,0.322475410548936
2228,0.321786669767066
2229,0.32112201709242
2230,0.320552367512552
2231,0.319966341891825
2232,0.31937472755493
2233,0.318951004737225
2234,0.318542944034901
2235,0.318046834214846
2236,0.317709301321819
2237,0.317387023125367
2238,0.317137389402914
2239,0.31687976001173
2240,0.316771691589849
2241,0.316637611931232
2242,0.316743653051272
2243,0.316755489211382
2244,0.316906126225895
2245,0.31703329212417
2246,0.317327689825349
2247,0.317716248702623
2248,0.318199927908516
2249,0.318680784197891
2250,0.319251795404593
2251,0.319950163873881
2252,0.320675880364672
2253,0.321568645226826
2254,0.322499449632946
2255,0.323434507172528
2256,0.324535369996935
2257,0.325712570324682
2258,0.326854756838415
2259,0.328147732877307
2260,0.329492129010536
2261,0.33089490410312
2262,0.33229970716612
2263,0.333813592290295
2264,0.335400297528514
2265,0.336951887772374
2266,0.338565671409744
2267,0.340201587507004
2268,0.341961764526219
2269,0.343646214851433
2270,0.345413608727134
2271,0.347337227958054
2272,0.34910695766844
2273,0.350803970985491
2274,0.35250594044738
2275,0.354430319670629
2276,0.356162974047223
2277,0.358062409790119
2278,0.359705412744136
2279,0.361496896574948
2280,0.363115891715566
2281,0.364839254826061
2282,0.3666163793125
2283,0.368346019661189
2284,0.369868387143646
2285,0.371596481716353
2286,0.373195609492727
2287,0.374753178760729
2288,0.376251878334305
2289,0.377846421629093
2290,0.379527591665158
2291,0.380833677184935
2292,0.382309363843336
2293,0.383597362717945
2294,0.385091592179331
2295,0.386383614047309
2296,0.387687541694984
2297,0.388785146889173
2298,0.390049750267989
2299,0.391303117168283
2300,0.39234966626701
2301,0.39331629066162
2302,0.394200128996988
2303,0.395319064284922
2304,0.39629730460203
2305,0.39711110438283
2306,0.397921111065174
2307,0.398751761066489
2308,0.39946893509789
2309,0.400113312789752
2310,0.400844620326486
2311,0.401376761692823
2312,0.40186385458969
2313,0.40244348227376
2314,0.402880632603727
2315,0.40328352755901
2316,0.403570659419806
2317,0.403845364593506
2318,0.404235778342769
2319,0.404314090507477
2320,0.404387475386152
2321,0.404537461415181
2322,0.404660720081107
2323,0.404457388075648
2324,0.404353025623847
2325,0.404364062232441
2326,0.40406583163811
2327,0.404194918600612
2328,0.40402668176506
2329,0.403508656125178
2330,0.403228570057698
2331,0.402913668788751
2332,0.402650850876211
2333,0.402194907036314
2334,0.40194997782645
2335,0.401613445742145
2336,0.40087387980547
2337,0.400410021439194
2338,0.399959290765712
2339,0.399507729048196
2340,0.398673616750983
2341,0.398017983210479
2342,0.397412020868708
2343,0.396690337090448
2344,0.396020594596254
2345,0.395200000666822
2346,0.39445604300137
2347,0.393809243195064
2348,0.392936942671488
2349,0.392261048218723
2350,0.3914427239236
2351,0.390445154593385
2352,0.389745205781689
2353,0.388814624620114
2354,0.388075086475894
2355,0.387258984625789
2356,0.386358393663311
2357,0.385477846995205
2358,0.384649540318741
2359,0.383914061890035
2360,0.382921224468135
2361,0.382217650208511
2362,0.381281746846559
2363,0.380454680745393
2364,0.379678402159435
2365,0.378727300137207
2366,0.378024304825515
2367,0.377107580283834
2368,0.37619250199108
2369,0.375729963271352
2370,0.374683750543309
2371,0.374094954443211
2372,0.373314025123023
2373,0.372555823787859
2374,0.372009050156115
2375,0.371387543527086
2376,0.370541789102659
2377,0.369922532510966
2378,0.369495895115033
2379,0.368983409184312
2380,0.368417651369379
2381,0.367757666497524
2382,0.367490760666392
2383,0.366778159952099
2384,0.366683043686163
2385,0.36591928243321
2386,0.365757657403816
2387,0.365199469139146
2388,0.364890480936975
2389,0.3646575161436
2390,0.364451122261255
2391,0.364176914236139
2392,0.364008356286496
2393,0.363865162419372
2394,0.363777532052494
2395,0.363548174182255
2396,0.363619600903883
2397,0.363300080182717
2398,0.363570368115402
2399,0.363375282189138
2400,0.363393102797922
2401,0.363528121739847
2402,0.363884112857297
2403,0.363844516511768
2404,0.364062216100475
2405,0.364193061174725
2406,0.364499555671322
2407,0.364748129869476
2408,0.364898827561789
2409,0.365270959884456
2410,0.365461603880209
2411,0.365736246956254
2412,0.366136913097742
2413,0.366528783602154
2414,0.366845947326934
2415,0.367057932310199
2416,0.367672109209828
2417,0.367909977690513
2418,0.368318193893548
2419,0.368781452964748
2420,0.369277069976467
2421,0.369680819729309
2422,0.370382509453037
2423,0.370718590941823
2424,0.371428512348806
2425,0.371795647109032
2426,0.372449145655755
2427,0.373005001504433
2428,0.373571977899282
2429,0.374135230025874
2430,0.374722240082527
2431,0.375212981282576
2432,0.375630988522213
2433,0.37619896798255
2434,0.376719336616704
2435,0.377192679878794
2436,0.377730399959083
2437,0.377969387752194
2438,0.378571446879286
2439,0.378938060912282
2440,0.37944099013568
2441,0.379927124563951
2442,0.380030278598017
2443,0.380586523649321
2444,0.380753466797447
2445,0.381282909065639
2446,0.38162182957934
2447,0.381780684602723
2448,0.382199200586285
2449,0.382486537119115
2450,0.382900257227289
2451,0.383096069683904
2452,0.38303583436323
2453,0.383647454046975
2454,0.383695173451455
2455,0.38384865633861
2456,0.384049562066443
2457,0.384007408571352
2458,0.384136999057805
2459,0.384115498386134
2460,0.384350931705724
2461,0.384051924188947
2462,0.384114094562987
2463,0.384011828851541
2464,0.383805637968428
2465,0.383621511033206
2466,0.383362586014771
2467,0.383221844735872
2468,0.38282296319565
2469,0.382526933711898
2470,0.382255541750992
2471,0.38175712053303
2472,0.381432300373848
2473,0.381045352569817
2474,0.380492724447088
2475,0.380166186779227
2476,0.379509914688395
2477,0.379161200330773
2478,0.378584925770474
2479,0.377921843618273
2480,0.377324357451489
2481,0.37664058970297
2482,0.376000812157803
2483,0.375236788403411
2484,0.374421234673174
2485,0.3735647512343
2486,0.372829485326231
2487,0.372134792665092
2488,0.37096882751862
2489,0.370141173127561
2490,0.369269409906015
2491,0.368188231627088
2492,0.367275279863349
2493,0.366101709834937
2494,0.365029971430866
2495,0.363984878147355
2496,0.362952928356992
2497,0.361660548622069
2498,0.360667977033815
2499,0.359654270614071
2500,0.358657787888512
