230.000 0.3205956
240.000 0.1279264
250.000 0.1680748
260.000 0.2480127
270.000 0.3342666
280.000 0.3933633
300.000 0.2160199
310.000 0.2139887
320.000 0.3695072
330.000 0.6633795
340.000 0.8317188
350.000 0.8481982
360.000 0.833016
370.000 0.8165155
380.000 0.8219792
390.000 0.8545037
400.000 0.8871807
410.000 0.9125043
420.000 0.9309852
430.000 0.9434188
440.000 0.9512392
450.000 0.9573861
460.000 0.9607818
470.000 0.9627313
480.000 0.9643713
490.000 0.9652764
500.000 0.9655209
510.000 0.9650419
520.000 0.9642279
530.000 0.9637185
540.000 0.9633421
550.000 0.9634123
560.000 0.9621805
570.000 0.9607214
580.000 0.95904
590.000 0.9585272
600.000 0.9575384
610.000 0.9573035
620.000 0.9572144
630.000 0.957127
640.000 0.9571157
650.000 0.9572349
660.000 0.9568295
670.000 0.9566181
680.000 0.9558834
690.000 0.9557215
700.000 0.9539356
710.000 0.9520549
720.000 0.9509069
730.000 0.9514138
740.000 0.9517128
750.000 0.9526094
760.000 0.9530012
770.000 0.9534554
780.000 0.9539596
790.000 0.9547471
800.000 0.9553123
810.000 0.9578107
820.000 0.9594608
830.000 0.9596554
840.000 0.9597104
850.000 0.9611861
860.000 0.9631097
870.000 0.9634213
880.000 0.9646647
890.000 0.9651111
900.000 0.9660538
910.000 0.9663673
920.000 0.9665579
930.000 0.967137
940.000 0.9678773
950.000 0.9684723
960.000 0.9688112
970.000 0.9690266
980.000 0.9693297
990.000 0.9697016
1000.000 0.9701422
1010.000 0.9705934
1020.000 0.9709801
1030.000 0.9715207
1040.000 0.9720977
1050.000 0.9724538
1060.000 0.9726743
1070.000 0.9729012
1080.000 0.9733862
1090.000 0.9737035
1100.000 0.9740065
1110.000 0.9743418
1120.000 0.9745601
1130.000 0.9749647
1140.000 0.9753817
1150.000 0.9756533
1160.000 0.975786
1170.000 0.9760988
1180.000 0.9763232
1190.000 0.9764257
1200.000 0.9768021
1210.000 0.9770709
1220.000 0.9770758
1230.000 0.9775507
1240.000 0.9779703
1250.000 0.9780677
1260.000 0.9783409
1270.000 0.9786271
1280.000 0.9788515
1290.000 0.9791034
1300.000 0.9791726
1310.000 0.979272
1320.000 0.979599
1330.000 0.9797902
1340.000 0.9796649
1350.000 0.9798208
1360.000 0.9798515
1370.000 0.9801334
1380.000 0.9804948
1390.000 0.9806116
1400.000 0.980691
1410.000 0.9808687
1420.000 0.9809829
1430.000 0.9811657
1440.000 0.9811229
1450.000 0.9813352
1460.000 0.9816698
1470.000 0.9817837
1480.000 0.9820194
1490.000 0.9819862
1500.000 0.9817338
1510.000 0.9818355
1520.000 0.9819344
1530.000 0.9819331
1540.000 0.9821376
1550.000 0.9821452
1560.000 0.9819184
1570.000 0.9818979
1580.000 0.9821208
1590.000 0.9821166
1600.000 0.9823722
1610.000 0.9827239
1620.000 0.9829176
1630.000 0.9829956
1640.000 0.9831581
1650.000 0.9831914
1660.000 0.9834766
1670.000 0.9834928
1680.000 0.9835663
1690.000 0.9838561
1700.000 0.9837451
1710.000 0.9839212
1720.000 0.9839579
1730.000 0.9835314
1740.000 0.9836053
1750.000 0.9833332
1760.000 0.9832271
1770.000 0.9831282
1780.000 0.9834846
1790.000 0.9834118
1800.000 0.9831576
1810.000 0.9833046
1820.000 0.9832699
1830.000 0.9834221
1840.000 0.9833144
1850.000 0.9833888
1860.000 0.9839184
1870.000 0.9838167
1880.000 0.9841867
1890.000 0.9842162
1900.000 0.9842724
1910.000 0.9845394
1920.000 0.9848641
1930.000 0.9850565
1940.000 0.9851619
1950.000 0.985328
1960.000 0.9849712
1970.000 0.9851597
1980.000 0.985152
1990.000 0.9855771
2000.000 0.9853192
2010.000 0.9855147
2020.000 0.9854165
2030.000 0.9858507
2040.000 0.9849855
2050.000 0.9847861
2060.000 0.9848048
2070.000 0.9847655
2080.000 0.984452
2090.000 0.9843077
2100.000 0.9842801
2110.000 0.9840172
2120.000 0.9839905
2130.000 0.9837327
2140.000 0.9835844
2150.000 0.9833982
2160.000 0.9842947
2170.000 0.9842142
2180.000 0.9840447
2190.000 0.9844215
2200.000 0.9837181
2210.000 0.9843821
2220.000 0.9840268
2230.000 0.9834804
2240.000 0.9833822
2250.000 0.9845523
2260.000 0.984846
2270.000 0.9849701
2280.000 0.9843358
2290.000 0.9840782
2300.000 0.9849192
2310.000 0.98571
2320.000 0.9843042
2330.000 0.9845456
2340.000 0.9845347
2350.000 0.9846225
2360.000 0.9853161
2370.000 0.9842774
2380.000 0.9848028
2390.000 0.98379
2400.000 0.9839566
2410.000 0.9850038
2420.000 0.983561
2430.000 0.9841117
2440.000 0.9845449
2450.000 0.9831859
2460.000 0.9845216
2470.000 0.9820266
2480.000 0.9867474
2490.000 0.9843298
2500.000 0.9851074
2510.000 0.9850345
2520.000 0.9847551
2530.000 0.9833077
2540.000 0.9853713
2550.000 0.983672
2560.000 0.9837758
2570.000 0.983705
2580.000 0.9834861
2590.000 0.9832834
2600.000 0.9839774
2609.790 0.9854432
2619.730 0.9857427
2629.660 0.9855443
2639.590 0.9858479
2649.520 0.9856535
2659.710 0.9854557
2669.630 0.9857652
2679.540 0.9855765
2689.730 0.9853844
2699.630 0.9856993
2709.530 0.9855159
2719.700 0.9858293
2729.590 0.9856493
2739.480 0.985971
2749.630 0.9857895
2759.510 0.9861144
2769.660 0.9859362
2779.530 0.9857642
2789.670 0.9855892
2799.530 0.9854203
2809.660 0.9852485
2819.510 0.9850826
2829.630 0.9849138
2839.470 0.9847509
2849.580 0.9845851
2859.410 0.9844251
2869.520 0.9842622
2879.610 0.9841009
2889.430 0.9839451
2899.520 0.9837867
2909.600 0.9836297
2919.410 0.9834781
2929.480 0.9833239
2939.550 0.9831712
2949.340 0.9830237
2959.400 0.9828738
2969.450 0.9827253
2979.500 0.9825781
2989.540 0.9824324
2999.580 0.982288
3009.340 0.9821486
3019.370 0.9820069
3029.390 0.9818666
3039.410 0.9817276
3049.420 0.98159
3059.430 0.9814537
3069.430 0.9813188
3079.430 0.9811851
3089.430 0.9810528
3099.410 0.9809218
3109.400 0.9807921
3119.370 0.9806637
3129.340 0.9805366
3139.310 0.9804107
3149.270 0.9802862
3159.230 0.9801629
3169.450 0.9800379
3179.390 0.9799172
3189.340 0.9797977
3199.270 0.9796794
3209.200 0.9795624
3219.390 0.9794438
3229.310 0.9793293
3239.220 0.979216
3249.400 0.9791012
3259.300 0.9789903
3269.200 0.9788806
3279.360 0.9787695
3289.240 0.9786622
3299.390 0.9785536
3309.270 0.9784486
3319.140 0.9783448
3329.270 0.9782398
3339.120 0.9781383
3349.240 0.9780356
3359.360 0.9779341
3369.200 0.9778361
3379.300 0.9777369
3389.130 0.9776411
3399.220 0.9775442
3409.300 0.9774485
3419.110 0.977356
3429.180 0.9772625
3439.250 0.9771702
3449.310 0.9770789
3459.100 0.9769907
3469.150 0.9769017
3479.190 0.9768137
3489.220 0.9767268
3499.250 0.9766409
3509.270 0.9765562
3519.030 0.9764743
3529.040 0.9763916
3539.040 0.9763099
3549.040 0.9762293
3559.030 0.9761498
3569.020 0.9760712
3579.000 0.9759936
3589.230 0.9759155
3599.200 0.97584
3609.160 0.9757654
3619.110 0.9756918
3629.060 0.9756192
3639.000 0.9755476
3649.200 0.9754755
3659.130 0.9754057
3669.050 0.9753369
3678.970 0.9752691
3689.130 0.9752008
3699.040 0.9751348
3708.930 0.9750697
3719.080 0.9750042
3728.960 0.9749409
3739.100 0.9748773
3748.970 0.9748158
3759.090 0.974754
3768.950 0.9746942
3779.060 0.9746342
3788.900 0.9745761
3798.990 0.9745178
3809.080 0.9744604
3818.900 0.9744049
3828.980 0.9743491
3839.040 0.9742943
3849.100 0.9742402
3858.900 0.9741879
3868.940 0.9741355
3878.980 0.9740839
3889.010 0.9740331
3899.030 0.9739831
3909.050 0.9739339
3919.060 0.9738855
3928.800 0.9738386
3938.800 0.9737917
3949.040 0.9737448
3959.020 0.9736994
3968.990 0.9736548
3978.960 0.9736109
3988.920 0.9735677
3998.870 0.9735253
4008.810 0.9734835
4019.000 0.9734419
4028.930 0.9734016
4038.850 0.973362
4048.760 0.973323
4058.920 0.9732842
4068.820 0.9732466
4078.960 0.9732092
4088.850 0.9731729
4098.720 0.9731373
4108.840 0.9731019
4118.700 0.9730676
4128.810 0.9730335
4138.900 0.973
4148.740 0.9729676
4158.820 0.9729354
4168.890 0.9729038
4178.700 0.9728732
4188.760 0.9728429
4198.810 0.9728131
4208.850 0.9727839
4218.880 0.9727554
4228.650 0.9727277
4238.670 0.9727003
4248.670 0.9726735
4258.670 0.9726472
4268.660 0.9726215
4278.650 0.9725963
4288.620 0.9725717
4298.830 0.9725474
4308.790 0.9725239
4318.740 0.9725009
4328.680 0.9724784
4338.610 0.9724564
4348.780 0.9724348
4358.700 0.9724138
4368.600 0.9723934
4378.750 0.9723733
4388.640 0.9723538
4398.760 0.9723347
4408.640 0.9723161
4418.750 0.972298
4428.600 0.9722804
4438.690 0.9722632
4448.530 0.9722465
4458.600 0.9722302
4468.660 0.9722143
4478.720 0.9721989
4488.520 0.972184
4498.560 0.9721694
4508.590 0.9721553
4518.600 0.9721416
4528.610 0.9721283
4538.610 0.9721155
4548.600 0.972103
4558.590 0.9720909
4568.560 0.9720793
4578.520 0.972068
4588.470 0.9720571
4598.660 0.9720466
4608.590 0.9720365
4618.520 0.9720267
4628.430 0.9720172
4638.580 0.9720083
4648.480 0.9719996
4658.610 0.9719913
4668.480 0.9719833
4678.590 0.9719757
4688.450 0.9719683
4698.540 0.9719614
4708.610 0.9719549
4718.440 0.9719484
4728.500 0.9719425
4738.550 0.9719369
4748.580 0.9719316
4758.370 0.9719263
4768.390 0.9719216
4778.400 0.9719172
4788.390 0.9719131
4798.380 0.9719092
4808.360 0.9719056
4818.320 0.9719023
4828.520 0.9718995
4838.460 0.9718967
4848.390 0.9718942
4858.320 0.9718919
4868.470 0.9718902
4878.370 0.9718884
4888.500 0.9718872
4898.380 0.9718859
4908.490 0.9718851
4918.350 0.9718842
4928.430 0.9718839
4938.270 0.9718835
4948.330 0.9718836
4958.380 0.971884
4968.420 0.9718845
4978.450 0.9718852
4988.240 0.9718859
4998.240 0.971887
5008.530 0.9718888
5018.350 0.97189
5028.170 0.9718915
5037.990 0.9718932
5048.560 0.9718962
5058.370 0.9718982
5068.190 0.9719004
5078.000 0.9719028
5088.560 0.9719066
5098.380 0.9719094
5108.180 0.9719123
5117.990 0.9719153
5128.550 0.9719198
5138.360 0.9719232
5148.170 0.9719268
5157.970 0.9719305
5168.530 0.9719356
5178.330 0.9719396
5188.130 0.9719437
5197.930 0.971948
5208.480 0.9719537
5218.280 0.9719582
5228.080 0.9719629
5237.870 0.9719677
5248.420 0.971974
5258.210 0.971979
5268.010 0.9719841
5278.550 0.9719907
5288.340 0.9719961
5298.130 0.9720016
5307.920 0.9720071
5318.450 0.9720142
5328.240 0.97202
5338.020 0.9720258
5347.810 0.9720318
5358.340 0.9720392
5368.120 0.9720454
5377.900 0.9720516
5388.430 0.9720593
5398.210 0.9720657
5407.990 0.9720721
5417.760 0.9720786
5428.290 0.9720866
5438.060 0.9720933
5447.830 0.9721
5458.360 0.9721082
5468.130 0.972115
5477.890 0.9721219
5488.410 0.9721303
5498.180 0.9721373
5507.940 0.9721443
5517.710 0.9721514
5528.220 0.97216
5537.980 0.9721672
5547.740 0.9721744
5558.250 0.9721831
5568.010 0.9721903
5577.770 0.9721976
5588.270 0.9722064
5598.030 0.9722138
5607.780 0.9722212
5618.280 0.97223
5628.030 0.9722374
5637.780 0.9722449
5648.280 0.9722538
5658.030 0.9722612
5667.770 0.9722687
5678.270 0.9722776
5688.010 0.9722851
5697.750 0.9722926
5708.250 0.9723015
5717.990 0.972309
5727.720 0.9723165
5738.210 0.9723254
5747.950 0.9723328
5757.680 0.9723403
5768.170 0.9723492
5777.900 0.9723566
5787.630 0.972364
5798.110 0.9723728
5807.840 0.9723802
5817.570 0.9723875
5828.040 0.9723963
5837.770 0.9724036
5847.490 0.9724108
5857.960 0.9724195
5867.680 0.9724267
5878.150 0.9724353
5887.870 0.9724424
5897.590 0.9724495
5908.050 0.972458
5917.770 0.972465
5927.480 0.972472
5937.940 0.9724803
5947.650 0.9724872
5958.110 0.9724954
5967.820 0.9725022
5977.530 0.9725089
5987.980 0.9725169
5997.690 0.9725236
6008.140 0.9725315
6017.840 0.972538
6027.540 0.9725445
6037.990 0.9725522
6047.690 0.9725586
6057.380 0.9725648
6067.830 0.9725723
6077.520 0.9725785
6087.960 0.9725859
6097.650 0.9725919
6108.090 0.9725991
6117.780 0.9726049
6127.470 0.9726107
6137.900 0.9726177
6147.590 0.9726234
6158.020 0.9726302
6167.700 0.9726356
6177.380 0.972641
6187.810 0.9726476
6197.490 0.9726528
6207.910 0.9726592
6217.590 0.9726642
6228.010 0.9726704
6237.680 0.9726753
6247.350 0.9726801
6257.770 0.972686
6267.440 0.9726906
6277.850 0.9726963
6287.520 0.9727007
6297.930 0.9727062
6307.590 0.9727104
6317.260 0.9727146
6327.660 0.9727197
6337.320 0.9727237
6347.730 0.9727286
6357.380 0.9727324
6367.780 0.9727371
6377.440 0.9727406
6387.840 0.9727451
6397.490 0.9727485
6407.880 0.9727527
6417.530 0.9727558
6427.180 0.9727589
6437.570 0.9727628
6447.220 0.9727656
6457.600 0.9727692
6467.250 0.9727718
6477.630 0.9727752
6487.270 0.9727776
6497.650 0.9727807
6507.290 0.9727828
6517.670 0.9727858
6527.300 0.9727876
6537.670 0.9727903
6547.310 0.972792
6557.680 0.9727944
6567.310 0.9727958
6577.680 0.9727979
6587.300 0.9727991
6597.670 0.972801
6607.290 0.9728019
6617.650 0.9728035
6627.270 0.9728042
6637.630 0.9728055
6647.250 0.9728059
6657.610 0.972807
6667.220 0.9728072
6677.570 0.972808
6687.190 0.9728079
6697.540 0.9728084
6707.150 0.9728081
6717.490 0.9728083
6727.100 0.9728077
6737.440 0.9728077
6747.050 0.9728068
6757.390 0.9728065
6766.990 0.9728054
6777.330 0.9728048
6787.660 0.972804
6797.260 0.9728025
6807.590 0.9728014
6817.180 0.9727997
6827.510 0.9727983
6837.110 0.9727963
6847.430 0.9727946
6857.020 0.9727923
6867.340 0.9727904
6876.930 0.9727878
6887.250 0.9727856
6897.570 0.9727832
6907.150 0.9727802
6917.460 0.9727775
6927.040 0.9727743
6937.350 0.9727713
6946.930 0.9727677
6957.230 0.9727645
6967.540 0.972761
6977.110 0.9727571
6987.420 0.9727533
6996.980 0.9727491
7007.280 0.9727451
7016.850 0.9727406
7027.140 0.9727362
7037.440 0.9727317
7047.000 0.9727268
7057.290 0.972722
7066.850 0.9727168
7077.140 0.9727117
7087.430 0.9727064
7096.980 0.9727008
7107.260 0.9726952
7116.810 0.9726893
7127.090 0.9726835
7137.370 0.9726774
7146.920 0.9726711
7157.190 0.9726648
7167.470 0.9726583
7177.010 0.9726515
7187.280 0.9726447
7196.810 0.9726377
7207.080 0.9726306
7217.350 0.9726234
7226.880 0.9726159
7237.140 0.9726083
7247.400 0.9726006
7256.930 0.9725927
7267.190 0.9725847
7276.710 0.9725766
7286.970 0.9709918
7297.220 0.9707289
7306.740 0.9703624
7316.990 0.9698147
7327.240 0.9696933
7336.750 0.9690418
7346.990 0.967704
7357.240 0.9667689
7366.750 0.9660641
7376.980 0.965503
7387.220 0.9650377
7396.730 0.9646396
7406.960 0.9642901
7417.190 0.9639771
7426.690 0.9636923
7436.920 0.9634295
7447.150 0.9631842
7456.640 0.9629548
7466.870 0.9627381
7477.090 0.9625323
7487.310 0.9623359
7496.800 0.9621477
7507.010 0.9619663
7517.230 0.9600773
7526.710 0.959375
7536.920 0.9589702
7547.130 0.9586856
7556.610 0.9584627
7566.820 0.9582759
7577.020 0.9581133
7587.230 0.9579686
7596.700 0.9578388
7606.900 0.9577218
7617.090 0.9576182
7626.560 0.95753
7636.750 0.9574532
7646.950 0.9573858
7657.140 0.957326
7666.600 0.9572728
7676.780 0.9572244
7686.970 0.9571804
7697.150 0.9571401
7706.600 0.9571035
7716.780 0.9570691
7726.960 0.9564893
7737.140 0.9564846
7746.580 0.9564802
7756.760 0.9564752
7766.930 0.95647
7777.090 0.9564647
7786.530 0.9564599
7796.700 0.9564543
7806.860 0.9564486
7817.020 0.9564427
7826.460 0.9564373
7836.610 0.9564311
7846.770 0.9564248
7856.920 0.9564184
7867.070 0.9564118
7876.500 0.9564057
7886.650 0.9563988
7896.790 0.9563918
7906.940 0.9563847
7916.360 0.9563781
7926.500 0.9563707
7936.640 0.9563631
7946.770 0.9563555
7956.910 0.9563476
7967.040 0.9563397
7976.450 0.9563323
7986.580 0.9563241
7996.700 0.9563157
8006.830 0.9563073
8016.950 0.9562986
8026.350 0.9562907
8036.470 0.9562818
8046.590 0.9562728
8056.710 0.9562637
8066.820 0.9562544
8076.930 0.956245
8086.320 0.9562364
8096.430 0.9562267
8106.540 0.956217
8116.640 0.9562071
8126.750 0.956197
8136.850 0.9561869
8146.940 0.9561766
8156.320 0.9561672
8166.420 0.9561567
8176.510 0.9561461
8186.600 0.9561353
8196.690 0.9561245
8206.780 0.9561135
8216.860 0.9561024
8226.230 0.9560922
8236.310 0.9560809
8246.390 0.9560695
8256.460 0.9560579
8266.540 0.9560463
8276.610 0.9560345
8286.690 0.9560226
8296.760 0.9560106
8306.820 0.9559985
8316.170 0.9559874
8326.230 0.9559751
8336.300 0.9559627
8346.360 0.9559502
8356.410 0.9559376
8366.470 0.9559248
8376.520 0.955912
8386.580 0.9558991
8396.630 0.955886
8406.670 0.9558729
8416.720 0.9558596
8426.760 0.9558463
8436.090 0.9558341
8446.130 0.9558205
8456.170 0.9558069
8466.200 0.9557932
8476.240 0.9557794
8486.270 0.9557655
8496.300 0.9557515
8506.330 0.9557374
8516.350 0.9557329
8526.380 0.9557285
8536.400 0.955724
8546.420 0.9557195
8556.440 0.955715
8566.450 0.9557105
8576.460 0.955706
8586.480 0.9557015
8596.490 0.955697
8606.490 0.9556925
8616.500 0.955688
8626.500 0.9556835
8636.500 0.955679
8646.500 0.9556745
8656.500 0.95567
8666.500 0.9556655
8676.490 0.955661
8686.480 0.9556566
8696.470 0.9556522
8706.460 0.9556478
8716.440 0.9556434
8726.420 0.955639
8736.400 0.9556347
8746.380 0.9556304
8756.360 0.9556261
8766.330 0.9556218
8776.300 0.9556176
8786.270 0.9556134
8796.240 0.9556093
8806.210 0.9556052
8816.170 0.9556011
8826.130 0.9555971
8836.090 0.9555931
8846.050 0.9555892
8856.010 0.9555853
8865.960 0.9555815
8875.910 0.9555777
8885.860 0.955574
8896.520 0.9555689
8906.460 0.9555653
8916.410 0.9555618
8926.350 0.9555583
8936.280 0.9555549
8946.220 0.9555516
8956.150 0.9555484
8966.090 0.9555452
8976.020 0.9555421
8985.940 0.9555391
8995.870 0.9555362
9005.790 0.9555333
9016.420 0.9555291
9026.340 0.9555264
9036.260 0.9555239
9046.170 0.9555214
9056.080 0.955519
9065.990 0.9555168
9075.900 0.9555146
9085.810 0.9555126
9095.710 0.9555106
9106.320 0.9555072
9116.220 0.9555055
9126.120 0.9555039
9136.010 0.9555025
9145.900 0.9555011
9155.790 0.9554999
9165.680 0.9554988
9176.270 0.9554963
9186.160 0.9554955
9196.040 0.9554948
9205.920 0.9554943
9215.800 0.9554939
9225.670 0.9554937
9236.250 0.9554921
9246.120 0.9554921
9255.990 0.9554924
9265.850 0.9554928
9275.720 0.9554934
9286.280 0.9554925
9296.140 0.9554934
9306.000 0.9554945
9315.850 0.9554958
9325.710 0.9554973
9336.260 0.9554974
9346.110 0.9554992
9355.950 0.9555012
9365.800 0.9555035
9375.640 0.955506
9386.180 0.955507
9396.020 0.9555099
9405.850 0.955513
9415.680 0.9555163
9426.210 0.9555182
9436.040 0.955522
9445.870 0.955526
9455.690 0.9555302
9465.510 0.9555347
9476.030 0.9555378
9485.850 0.9555428
9495.660 0.955548
9506.170 0.9555519
9515.980 0.9555577
9525.790 0.9555637
9535.590 0.9555701
9546.090 0.955575
9555.890 0.9555819
9565.690 0.9555891
9575.490 0.9555966
9585.980 0.9556027
9595.770 0.9556108
9605.560 0.9556192
9616.040 0.9556263
9625.830 0.9556354
9635.610 0.9556448
9646.080 0.9556529
9655.860 0.9556629
9665.630 0.9556733
9675.410 0.9556841
9685.870 0.9556936
9695.640 0.9557051
9705.400 0.955717
9715.860 0.9557276
9725.620 0.9557403
9735.380 0.9557533
9745.830 0.9557651
9755.580 0.955779
9766.030 0.9557917
9775.780 0.9558064
9785.520 0.9558215
9795.960 0.9558355
9805.700 0.9558515
9815.440 0.955868
9825.870 0.9558833
9835.610 0.9559008
9845.340 0.9559187
9855.760 0.9559355
9865.490 0.9559544
9875.910 0.9559722
9885.630 0.9559922
9895.350 0.9560126
9905.760 0.9560321
9915.470 0.9560536
9925.880 0.9560741
9935.590 0.9560968
9945.290 0.9561201
9955.690 0.9561424
9965.390 0.9561669
9975.780 0.9561904
9985.480 0.9562161
9995.870 0.9562409
10005.560 0.9562679
10015.250 0.9562956
10025.630 0.9563224
10035.310 0.9563514
10045.690 0.9563796
10055.370 0.9564101
10065.730 0.9564397
10075.410 0.9564717
10085.770 0.9565028
10095.440 0.9565359
10105.800 0.9565677
10115.460 0.956601
10125.820 0.956633
10135.480 0.9566666
10145.130 0.9567004
10155.480 0.9567328
10165.130 0.9567669
10175.470 0.9567995
10185.120 0.9568338
10195.450 0.9568668
10205.780 0.9568998
10215.420 0.9569345
10225.750 0.9569678
10235.380 0.9570027
10245.700 0.9570363
10255.330 0.9570715
10265.640 0.9571053
10275.270 0.9571407
10285.580 0.9571749
10295.200 0.9572105
10305.500 0.9572449
10315.110 0.9572809
10325.410 0.9573155
10335.710 0.9573502
10345.310 0.9573866
10355.600 0.9574216
10365.210 0.9574581
10375.490 0.9574934
10385.090 0.9575302
10395.360 0.9575657
10405.640 0.9576014
10415.230 0.9576385
10425.500 0.9576744
10435.080 0.9577119
10445.350 0.957748
10455.610 0.9577843
10465.190 0.957822
10475.440 0.9578586
10485.010 0.9578966
10495.260 0.9579333
10505.510 0.9579702
10515.070 0.9580085
10525.320 0.9580457
10535.560 0.9580829
10545.110 0.9581216
10555.340 0.958159
10565.580 0.9581966
10575.120 0.9582356
10585.350 0.9582734
10594.890 0.9583126
10605.110 0.9583507
10615.330 0.9583888
10625.540 0.9584271
10635.070 0.9584667
10645.280 0.9585051
10655.480 0.9585437
10665.010 0.9585836
10675.210 0.9586224
10685.400 0.9586612
10694.920 0.9587014
10705.110 0.9587405
10715.300 0.9587797
10725.480 0.9588189
10734.990 0.9588594
10745.170 0.9588989
10755.340 0.9589384
10764.840 0.9589791
10775.010 0.9590189
10785.180 0.9590586
10795.340 0.9590984
10804.830 0.9591395
10814.990 0.9591795
10825.150 0.9592196
10835.300 0.9592596
10844.770 0.959301
10854.920 0.9593412
10865.070 0.9593815
10875.210 0.9594218
10885.350 0.9594622
10894.810 0.9595037
10904.940 0.9595442
10915.070 0.9595847
10925.200 0.9596252
10935.320 0.9596657
10944.770 0.9597073
10954.890 0.9597479
10965.000 0.9597884
10975.110 0.959829
10985.220 0.9598695
10995.330 0.95991
11004.760 0.9599515
11014.860 0.959992
11024.960 0.9600324
11035.050 0.9600727
11045.140 0.960113
11055.230 0.9601532
11064.650 0.9601942
11074.730 0.9602343
11084.810 0.9602742
11094.880 0.9603139
11104.960 0.9603535
11115.030 0.9603929
11125.090 0.9604321
11135.160 0.960471
11145.220 0.9605097
11154.610 0.960549
11164.660 0.9605872
11174.720 0.9606251
11184.760 0.9606626
11194.810 0.9606997
11204.850 0.9607363
11214.890 0.9607724
11224.930 0.9608079
11234.960 0.9608428
11245.000 0.960877
11255.020 0.9609104
11265.050 0.9609429
11275.070 0.9609745
11285.090 0.961005
11295.100 0.9610343
11305.110 0.9610622
11315.120 0.9610886
11325.130 0.9611134
11335.130 0.9611361
11345.130 0.9611567
11355.130 0.9611747
11365.120 0.9611898
11375.110 0.9612016
11385.100 0.9612094
11395.090 0.9612127
11405.070 0.9612106
11415.040 0.961202
11425.020 0.9611857
11434.990 0.96116
11444.960 0.9611612
11454.920 0.9611542
11464.890 0.9611368
11474.850 0.9611059
11484.800 0.9611125
11494.750 0.9611081
11504.700 0.9610879
11514.650 0.9610441
11524.590 0.9610624
11534.530 0.9610642
11544.470 0.961033
11554.410 0.9609193
11565.000 0.9609745
11574.930 0.9610871
11584.850 0.9611997
11594.770 0.9608124
11604.690 0.9609251
11614.600 0.9610377
11624.510 0.9611504
11634.420 0.961263
11644.330 0.9613757
11654.890 0.9614958
11664.790 0.9616084
11674.680 0.961721
11684.580 0.9618335
11694.460 0.9619461
11704.350 0.9620586
11714.890 0.9621785
11724.770 0.962291
11734.650 0.9624033
11744.520 0.9625157
11754.390 0.962628
11764.250 0.9627402
11774.780 0.9628599
11784.630 0.962972
11794.490 0.963084
11804.340 0.963196
11814.850 0.9633154
11824.700 0.9634272
11834.540 0.963539
11844.380 0.9636507
11854.220 0.9637623
11864.700 0.9638812
11874.530 0.9639926
11884.360 0.964104
11894.180 0.9642152
11904.660 0.9643337
11914.480 0.9644447
11924.290 0.9645556
11934.750 0.9646738
11944.560 0.9647845
11954.360 0.964895
11964.160 0.9650054
11974.610 0.9651231
11984.410 0.9652332
11994.200 0.9653433
12004.640 0.9654605
12014.420 0.9655702
12024.200 0.9656798
12034.630 0.9657966
12044.400 0.9659058
12054.170 0.966015
12064.590 0.9661312
12074.350 0.96624
12084.110 0.9663487
12094.520 0.9664644
12104.270 0.9665727
12114.670 0.966688
12124.410 0.9667959
12134.160 0.9669036
12144.550 0.9670184
12154.280 0.9671257
12164.660 0.96724
12174.390 0.967347
12184.120 0.9674537
12194.490 0.9675674
12204.210 0.9676737
12214.570 0.9677869
12224.280 0.9678928
12234.640 0.9680056
12244.340 0.968111
12254.040 0.9682162
12264.390 0.9683282
12274.080 0.968433
12284.420 0.9685445
12294.100 0.9686487
12304.430 0.9687597
12314.110 0.9688634
12324.440 0.9689739
12334.110 0.9690771
12344.430 0.969187
12354.090 0.9692897
12364.400 0.969399
12374.060 0.9695012
12384.360 0.9696099
12394.010 0.9697115
12404.300 0.9698196
12413.950 0.9699207
12424.230 0.9700282
12434.510 0.9701353
12444.150 0.9702355
12454.420 0.970342
12464.050 0.9704416
12474.320 0.9705474
12483.940 0.9706464
12494.200 0.9707516
12504.450 0.9708565
12514.060 0.9709544
12524.310 0.9710586
12533.910 0.9711559
12544.150 0.9712594
12554.380 0.9713625
12563.980 0.9714588
12574.200 0.9715612
12584.430 0.9716632
12594.010 0.9717585
12604.230 0.9718597
12613.800 0.9719543
12624.010 0.9720548
12634.210 0.9721549
12643.780 0.9722484
12653.970 0.9723477
12664.170 0.9724466
12674.360 0.9725451
12683.900 0.972637
12694.090 0.9727347
12704.260 0.972832
12713.800 0.9729228
12723.970 0.9730192
12734.140 0.9731152
12744.300 0.9732108
12753.820 0.9733
12763.980 0.9733947
12774.130 0.9734889
12784.270 0.9735827
12793.780 0.9736703
12803.920 0.9737632
12814.050 0.9738557
12824.180 0.9739477
12833.680 0.9740335
12843.800 0.9741246
12853.920 0.9742152
12864.030 0.9743053
12874.150 0.974395
12884.250 0.9744842
12893.720 0.9745673
12903.820 0.9746556
12913.920 0.9747433
12924.010 0.9748305
12934.100 0.9749173
12944.180 0.9750035
12953.630 0.9750839
12963.700 0.9751691
12973.770 0.9752538
12983.840 0.975338
12993.900 0.9754217
13003.960 0.9755049
13014.020 0.9755875
13024.070 0.9756696
13034.110 0.9757512
13044.160 0.9758322
13053.570 0.9759077
13063.600 0.9759877
13073.630 0.9760671
13083.660 0.976146
13093.680 0.9762244
13103.700 0.9763021
13113.710 0.9763794
13123.720 0.976456
13133.730 0.9765321
13143.730 0.9766077
13153.730 0.9766826
13163.720 0.976757
13173.710 0.9768308
13183.700 0.9769041
13193.680 0.9769767
13203.660 0.9770488
13213.630 0.9771203
13223.600 0.9771912
13233.570 0.9772615
13243.530 0.9773312
13253.480 0.9774003
13263.440 0.9774688
13274.010 0.9775409
13283.950 0.9776082
13293.890 0.9776748
13303.830 0.9777408
13313.760 0.9778063
13323.680 0.9778711
13333.610 0.9779352
13343.530 0.9779988
13353.440 0.9780617
13363.970 0.9781279
13373.880 0.9781895
13383.780 0.9782505
13393.680 0.9783109
13403.570 0.9783706
13413.460 0.9784297
13423.350 0.9784881
13433.850 0.9785495
13443.720 0.9786066
13453.600 0.9786631
13463.460 0.9787189
13473.330 0.978774
13483.800 0.9788319
13493.660 0.9788856
13503.510 0.9789388
13513.360 0.9789912
13523.820 0.9790462
13533.660 0.9790973
13543.490 0.9791477
13553.320 0.9791974
13563.760 0.9792495
13573.580 0.9792979
13583.400 0.9793455
13593.820 0.9793954
13603.630 0.9794416
13613.440 0.9794872
13623.850 0.9795348
13633.640 0.979579
13643.430 0.9796224
13653.220 0.9796651
13663.620 0.9797098
13673.390 0.9797511
13683.780 0.9797942
13693.550 0.979834
13703.310 0.9798732
13713.680 0.979914
13723.440 0.9799517
13733.190 0.9799887
13743.550 0.9800272
13753.290 0.9800627
13763.640 0.9800996
13773.370 0.9801336
13783.710 0.980169
13793.430 0.9802015
13803.160 0.9802334
13813.480 0.9802664
13823.190 0.9802967
13833.510 0.9803281
13843.210 0.9803569
13853.510 0.9803867
13863.210 0.980414
13873.500 0.9804422
13883.190 0.980468
13893.480 0.9804946
13903.150 0.9805189
13913.430 0.9805439
13923.100 0.9805666
13933.360 0.98059
13943.620 0.9806125
13953.280 0.9806329
13963.530 0.9806538
13973.180 0.9806726
13983.420 0.9806919
13993.050 0.9807092
14003.290 0.9807268
14013.520 0.9807435
14023.140 0.9807585
14033.360 0.9807736
14043.570 0.9807878
14053.180 0.9808004
14063.380 0.980813
14073.580 0.9808247
14083.180 0.980835
14093.370 0.980845
14103.550 0.9808542
14113.130 0.9808621
14123.310 0.9808696
14133.480 0.9808762
14143.050 0.9808817
14153.210 0.9808867
14163.360 0.9808908
14173.510 0.980894
14183.060 0.9808963
14193.200 0.9808978
14203.340 0.9808985
14213.470 0.9808983
14223.000 0.9808974
14233.120 0.9808955
14243.240 0.9808927
14253.350 0.9808891
14263.460 0.9808846
14272.960 0.9808796
14283.060 0.9808734
14293.150 0.9808664
14303.240 0.9808584
14313.320 0.9808496
14323.390 0.9808399
14332.870 0.98083
14342.940 0.9808186
14353.000 0.9808063
14363.060 0.9807932
14373.110 0.9807792
14383.150 0.9807643
14393.200 0.9807485
14403.230 0.9807318
14413.260 0.9807143
14423.290 0.9806959
14433.310 0.9806766
14443.330 0.9806564
14453.340 0.9806354
14463.340 0.9806135
14473.340 0.9805907
14483.340 0.980567
14493.330 0.9805424
14503.310 0.980517
14513.290 0.9804907
14523.270 0.9804635
14533.240 0.9804355
14543.200 0.9804065
14553.160 0.9803767
14563.120 0.980346
14573.070 0.9803145
14583.010 0.9802821
14592.950 0.9802487
14602.880 0.9802146
14612.810 0.9801795
14622.740 0.9801436
14633.240 0.9801046
14643.150 0.9800669
14653.060 0.9800283
14662.960 0.9799888
14672.860 0.9799485
14682.750 0.9799073
14693.220 0.9798628
14703.100 0.9798198
14712.980 0.979776
14722.850 0.9797313
14732.720 0.9796857
14743.160 0.9796365
14753.010 0.9795892
14762.860 0.979541
14772.710 0.9794919
14783.130 0.9794391
14792.960 0.9793882
14802.790 0.9793366
14812.610 0.979284
14823.010 0.9792275
14832.820 0.9791732
14842.630 0.9791181
14853.010 0.9790588
14862.810 0.9790019
14872.600 0.9789442
14882.960 0.9788822
14892.740 0.9788227
14903.090 0.9787589
14912.860 0.9786977
14922.630 0.9786357
14932.960 0.9785691
14942.720 0.9785054
14953.040 0.978437
14962.780 0.9783716
14972.520 0.9783053
14982.830 0.9782342
14992.560 0.9781663
15002.850 0.9780934
15012.570 0.9780237
15022.850 0.9779491
15032.550 0.9778778
15042.820 0.9778013
15052.520 0.9777283
15062.780 0.9776501
15072.460 0.9775755
15082.710 0.9774955
15092.950 0.9774147
15102.620 0.9773375
15112.850 0.9772549
15122.510 0.9771761
15132.720 0.9770918
15142.940 0.9770066
15152.580 0.9769253
15162.780 0.9768384
15172.410 0.9767555
15182.600 0.9766669
15192.780 0.9765774
15202.390 0.9764921
15212.560 0.9764009
15222.730 0.9763089
15232.890 0.976216
15242.480 0.9761275
15252.630 0.9760329
15262.770 0.9759375
15272.900 0.9758413
15282.470 0.9757496
15292.590 0.9756517
15302.710 0.975553
15312.820 0.9754534
15322.370 0.9753587
15332.470 0.9752575
15342.560 0.9751555
15352.650 0.9750527
15362.730 0.9749491
15372.810 0.9748447
15382.320 0.9747453
15392.390 0.9746394
15402.440 0.9745326
15412.500 0.974425
15422.540 0.9743167
15432.580 0.9742075
15442.620 0.9740976
15452.640 0.9739869
15462.660 0.9738754
15472.680 0.9737631
15482.690 0.9736501
15492.690 0.9735363
15502.690 0.9734218
15512.680 0.9733065
15522.670 0.9731905
15532.650 0.9730737
15542.620 0.9729562
15552.580 0.9728379
15562.540 0.9727189
15572.500 0.9725992
15582.450 0.9724788
15592.390 0.9723577
15602.330 0.9722358
15612.250 0.9721133
15622.180 0.97199
15632.650 0.9718591
15642.560 0.9717344
15652.460 0.9716091
15662.360 0.971483
15672.250 0.9713563
15682.140 0.9712289
15692.570 0.9710937
15702.440 0.9709649
15712.310 0.9708355
15722.170 0.9707054
15732.570 0.9705674
15742.420 0.970436
15752.260 0.970304
15762.100 0.9701713
15772.470 0.9700306
15782.300 0.9698967
15792.110 0.9697621
15802.470 0.9696194
15812.270 0.9694836
15822.070 0.9693472
15832.400 0.9692026
15842.190 0.969065
15852.510 0.9689192
15862.280 0.9687804
15872.050 0.9686411
15882.350 0.9684934
15892.100 0.9683529
15902.390 0.968204
15912.130 0.9680624
15922.400 0.9679123
15932.130 0.9677696
15942.390 0.9676184
15952.110 0.9674746
15962.350 0.9673223
15972.050 0.9671775
15982.290 0.9670241
15991.980 0.9668782
16002.200 0.9667238
16012.410 0.9667196
16022.080 0.9672148
16032.280 0.9672108
16042.470 0.9672066
16052.120 0.9672015
16062.290 0.9671971
16071.930 0.9671917
16082.090 0.9671871
16092.250 0.9671823
16102.400 0.9671774
16112.010 0.9671716
16122.150 0.9671664
16132.280 0.9671611
16142.400 0.9671557
16151.980 0.9671493
16162.090 0.9671436
16172.190 0.9671378
16182.280 0.9671318
16192.370 0.9671257
16201.920 0.9671187
16211.990 0.9671123
16222.060 0.9671058
16232.120 0.9670991
16242.170 0.9670923
16252.210 0.9675854
16262.250 0.9675783
16272.280 0.967571
16282.300 0.9675637
16292.320 0.9675562
16301.800 0.9675478
16311.800 0.96754
16321.800 0.967532
16331.790 0.967524
16342.290 0.9675164
16352.270 0.9675081
16362.230 0.9674996
16372.190 0.9674909
16382.140 0.9674821
16392.080 0.9674731
16402.020 0.967464
16411.950 0.9674548
16421.870 0.9674454
16431.790 0.9674359
16442.220 0.9674269
16452.120 0.967417
16462.010 0.9674071
16471.900 0.9673969
16481.780 0.9678867
16492.170 0.9678769
16502.030 0.9678663
16511.890 0.9678556
16521.740 0.9678448
16532.090 0.9678343
16541.930 0.9678232
16551.760 0.9678119
16562.090 0.967801
16571.900 0.9677894
16581.710 0.9677777
16592.020 0.9677663
16601.810 0.9677543
16612.110 0.9677426
16621.880 0.9677303
16631.650 0.9677178
16641.920 0.9677056
16651.680 0.9676928
16661.940 0.9676804
16671.140 0.9676668
16682.060 0.9676547
16692.980 0.9676424
16701.160 0.9676275
16712.080 0.9681149
16723.000 0.9681021
16731.190 0.9680868
16742.110 0.9680737
16753.020 0.9680604
16761.210 0.9680448
16772.130 0.9680312
16783.040 0.9680175
16791.230 0.9680015
16802.150 0.9679874
16813.060 0.9679732
16821.250 0.9679568
16832.160 0.9679423
16843.080 0.9679275
16851.260 0.9679108
16862.170 0.9678958
16873.090 0.9678805
16881.270 0.9678634
16892.190 0.9678479
16900.370 0.9678306
16911.280 0.9678147
16922.190 0.9677987
16930.380 0.967781
16941.290 0.9682647
16952.200 0.9682482
16960.380 0.9682301
16971.290 0.9682133
16982.200 0.9681963
16990.390 0.9681778
17001.300 0.9681605
17012.200 0.9681431
17020.390 0.9681242
17031.290 0.9681064
17042.200 0.9680885
17050.380 0.9680693
17061.290 0.968051
17072.200 0.9680325
17080.380 0.968013
17091.290 0.9679942
17102.190 0.9679753
17110.370 0.9679553
17121.280 0.9679361
17132.180 0.9679167
17140.360 0.9678964
17151.270 0.9678767
17162.170 0.9678567
17170.350 0.9678361
17181.250 0.9678159
17192.160 0.9677955
17200.330 0.9677745
17211.240 0.9677538
17222.140 0.9677329
17230.320 0.9677115
17241.220 0.9676903
17252.120 0.967669
17260.300 0.9676473
17271.200 0.9676256
17282.100 0.9676038
17290.270 0.9675817
17301.180 0.9675596
17312.080 0.9675373
17320.250 0.9675148
17331.150 0.9674923
17342.050 0.9674695
17350.220 0.9674467
17361.120 0.9674237
17372.020 0.9674004
17380.190 0.9673773
17391.090 0.9673538
17401.990 0.9673301
17410.160 0.9673066
17421.060 0.9672826
17431.950 0.9672585
17440.120 0.9672347
17451.020 0.9672102
17461.920 0.9671857
17470.090 0.9671615
17480.980 0.9671366
17491.880 0.9671116
17500.050 0.9670871
17510.940 0.9670618
17521.830 0.9670363
17532.730 0.9670107
17540.900 0.9669857
17551.790 0.9669598
17562.680 0.9669338
17570.850 0.9669085
17581.740 0.9668822
17592.630 0.9668557
17600.800 0.9668301
17611.690 0.9668033
17622.580 0.9667764
17630.750 0.9667505
17641.640 0.9667234
17652.530 0.9666961
17660.690 0.9666699
17671.580 0.9666423
17682.470 0.9666146
17690.640 0.9665881
17701.520 0.9665601
17712.410 0.966532
17720.580 0.9665052
17731.460 0.9664768
17742.350 0.9664483
17750.520 0.9664212
17761.400 0.9663925
17772.290 0.9663636
17780.450 0.9663362
17791.340 0.9663071
17802.220 0.9662778
17810.380 0.9662502
17821.270 0.9662207
17832.150 0.9661911
17840.310 0.9661632
17851.200 0.9661333
17862.080 0.9661034
17870.240 0.9660752
17881.120 0.966045
17892.000 0.9660147
17900.170 0.9659863
17911.050 0.9659558
17921.930 0.9659251
17930.090 0.9658965
17940.970 0.9658656
17951.850 0.9658346
17960.010 0.9658058
17970.890 0.9657746
17981.770 0.9657433
17989.920 0.9657142
18000.800 0.9656827
18011.680 0.9656512
18019.840 0.9656219
18030.720 0.9655901
18041.590 0.9655582
18049.750 0.9655287
18060.630 0.9654967
18071.500 0.9654645
18082.380 0.9654323
18090.530 0.9654025
18101.410 0.9653701
18112.280 0.9653376
18120.440 0.9653077
18131.310 0.965275
18142.190 0.9652423
18150.340 0.9652122
18161.210 0.9651793
18172.090 0.9651464
18180.240 0.9651161
18191.110 0.965083
18201.990 0.9650498
18210.140 0.9650194
18221.010 0.9649861
18231.880 0.9649527
18240.030 0.9649222
18250.900 0.9648887
18261.770 0.9648551
18269.920 0.9648245
18280.790 0.9647908
18291.660 0.9647571
18299.810 0.9647263
18310.680 0.9646925
18321.550 0.9646587
18329.700 0.9646278
18340.570 0.9645938
18351.430 0.9645598
18359.580 0.9645289
18370.450 0.9644948
18381.320 0.9644607
18392.180 0.9644266
18400.330 0.9643955
18411.200 0.9643613
18422.060 0.9643271
18430.210 0.964296
18441.070 0.9642617
18451.930 0.9642274
18460.080 0.9641963
18470.940 0.9641619
18481.810 0.9641276
18489.950 0.9640965
18500.820 0.9640621
18511.680 0.9640277
18519.820 0.9639966
18530.680 0.9639622
18541.540 0.9639278
18549.690 0.9638966
18560.550 0.9638622
18571.410 0.9638279
18579.550 0.9637968
18590.410 0.9637624
18601.270 0.963728
18612.130 0.9636937
18620.270 0.9636627
18631.130 0.9636284
18641.990 0.9635941
18650.130 0.9635632
18660.990 0.9635289
18671.840 0.9634947
18679.980 0.9634639
18690.840 0.9634297
18701.690 0.9633957
18709.840 0.9633649
18720.690 0.9633309
18731.540 0.963297
18739.680 0.9632663
18750.540 0.9632325
18761.390 0.9631987
18769.530 0.9631682
18780.380 0.9631345
18791.240 0.9631009
18799.370 0.9630706
18810.230 0.9630371
18821.080 0.9630037
18831.930 0.9629704
18840.060 0.9629404
18850.920 0.9629072
18861.760 0.9628741
18869.900 0.9628443
18880.750 0.9628114
18891.600 0.9627786
18899.740 0.962749
18910.580 0.9627163
18921.430 0.9626838
18929.570 0.9626545
18940.410 0.9626222
18951.260 0.96259
18959.400 0.9625609
18970.240 0.962529
18981.090 0.9624972
18989.220 0.9624684
19000.070 0.9624368
19010.910 0.9624054
19021.760 0.9623741
19029.890 0.9623458
19040.730 0.9623148
19051.580 0.9622839
19059.710 0.9622559
19070.550 0.9622254
19081.390 0.9621949
19089.520 0.9621674
19100.370 0.9621373
19111.210 0.9621074
19119.340 0.9620802
19130.180 0.9620506
19141.020 0.9620212
19149.150 0.9619945
19159.990 0.9619654
19170.830 0.9619366
19181.670 0.961908
19189.790 0.9618819
19200.630 0.9618536
19211.470 0.9618256
19219.600 0.9618
19230.430 0.9617724
19241.270 0.961745
19249.400 0.9617199
19260.230 0.9616929
19271.070 0.9616662
19279.200 0.9616417
19290.030 0.9616154
19300.870 0.9615894
19311.700 0.9615637
19319.830 0.9615399
19330.660 0.9615146
19341.490 0.9614897
19349.620 0.9614665
19360.450 0.961442
19371.280 0.9614179
19379.410 0.9613953
19390.240 0.9613717
19401.070 0.9613484
19409.190 0.9613265
19420.020 0.9613037
19430.850 0.9612813
19438.980 0.9612601
19449.810 0.9612382
19460.630 0.9612167
19471.460 0.9611955
19479.580 0.9611754
19490.410 0.9611548
19501.240 0.9611345
19509.360 0.9611152
19520.190 0.9610956
19531.010 0.9610763
19539.130 0.9610578
19549.960 0.9610392
19560.790 0.9610211
19568.900 0.9610034
19579.730 0.9609859
19590.550 0.9609688
19601.380 0.9609522
19609.500 0.9609356
19620.320 0.9609197
19631.140 0.9609042
19639.260 0.9608886
19650.080 0.9608739
19660.900 0.9608596
19669.020 0.9608449
19679.840 0.9608314
19690.660 0.9608184
19701.480 0.9608058
19709.600 0.9607925
19720.420 0.9607808
19731.240 0.9607695
19739.350 0.9607572
19750.170 0.9607468
19760.990 0.9607369
19769.100 0.9607258
19779.920 0.9607167
19790.740 0.9607082
19798.850 0.9606982
19809.670 0.9606906
19820.480 0.9606836
19831.300 0.960677
19839.410 0.9606686
19850.230 0.960663
19861.040 0.9606581
19869.150 0.9606508
19879.970 0.9606468
19890.780 0.9606434
19898.890 0.9606374
19909.700 0.960635
19920.520 0.9606332
19931.330 0.960632
19939.440 0.9606277
19950.250 0.9606276
19961.060 0.9606281
19969.170 0.9606252
19979.980 0.9606268
19990.790 0.9606291
19998.900 0.9606275
